1149 509 0.0
1149 849 0.3666793988112846
1149 1217 0.5773502691896257
1149 837 0.4082482904638632
1149 473 0.4677071733467426
1149 739 -0.05892556509887886
1149 618 -0.4714045207910316
1149 705 0.820675004302292
1149 471 0.07537783614444145
1149 1125 0.8935695796340186
1149 876 -0.9449111825230682
1149 640 0.5765566601970551
1147 509 -0.38953648389671724
1147 546 0.3864007706456545
1147 716 -0.9819805060619656
1147 1159 0.891304347826087
1147 66 0.20930232558139525
1147 403 0.6546536707079772
1147 312 -0.47286624374346037
1147 1398 0.7802518411322142
1147 892 0.0
1147 969 0.39703333358837206
1147 223 0.7298004491997617
1147 80 0.9834151021607787
1147 188 0.4103542234872599
1147 628 0.5060608273474738
1147 298 0.5686416212459069
1147 29 0.2909571869813231
1147 362 0.6933752452815365
1147 965 0.40379627929968165
188 478 -0.06272500481871872
188 1022 -0.14657902694650282
188 402 0.9806085723261285
188 1435 0.13031124744851091
188 79 0.06169936944763075
188 1361 -0.00888280241620306
188 552 -0.6876012632229097
188 397 0.27670843791149896
188 628 0.16517143694943529
188 1350 0.45202086666140956
188 29 -0.1740776559556982
188 1481 -1.0
188 150 -0.09563650695950048
188 1420 0.25996707385976686
188 1106 -0.7570332986102252
188 509 -0.17168199059921965
188 307 0.9583148474999099
188 99 0.1982095566081826
188 716 0.10715929633507998
188 989 0.35973846709225077
188 312 0.3422121731567523
188 1398 0.07339224832890358
188 436 0.31405435355412825
188 166 0.4371756862465721
188 591 0.3752052854620985
188 495 0.15467205622243638
188 1504 0.5219002428372108
188 905 -0.39134890352358653
188 491 0.36479074708197645
188 1327 0.8944271909999159
188 782 -0.06815308706167572
188 1137 0.2581988897471612
188 965 0.11751818277561898
1187 509 0.4753415302409882
1187 546 0.3205940553489769
1187 502 0.13637657504556214
1187 1398 0.500812446726433
1187 348 0.4357906422324302
1187 1200 0.645497224367903
1187 223 0.320466468164525
1187 489 0.6416889479197478
1187 80 0.5251050315105037
1187 294 0.3077390370794699
1187 628 0.2830414663610136
1187 215 0.001865840506113544
1187 123 0.5477489724862769
1187 240 0.05098955777043929
1187 931 0.1855773650839486
1187 965 -0.29582905343007115
1187 777 0.45766975381168806
1398 1187 0.500812446726433
1398 509 0.31944444444444436
1398 957 0.3273268353539886
1398 546 -0.8017837257372732
1398 716 0.09090909090909131
1398 1432 0.40177063594782075
1398 160 0.0
1398 436 0.04490132550669405
1398 1357 0.6743234335752586
1398 223 -0.09090909090909131
1398 1147 0.7802518411322138
1398 528 1.0
1398 188 0.07339224832890402
1398 628 0.8058229640253805
1398 298 0.1905183740721787
1398 29 0.5877538136452587
1398 965 -0.37603994623638554
298 410 0.49793529744291126
298 509 -0.09215904893531873
298 1159 0.6493332161921326
298 129 0.8700628401410971
298 160 -0.2110579412044345
298 1398 0.19051837407217848
298 436 -0.3055555555555554
298 1147 0.568641621245907
298 1355 0.2431083191631576
298 188 0.02665719023898117
298 89 0.5739640213948524
298 29 -0.5541204008197598
298 965 -0.34306494132831983
433 508 0.8660254037844386
433 1018 0.80860754006264
433 769 1.0
433 1397 0.9525793444156804
433 752 1.0
433 420 1.0
436 478 0.5
436 509 -0.32025630761017404
436 546 -0.13245323570650414
436 716 0.14070377318706556
436 918 0.8444612211927558
436 160 0.38890872965260104
436 1398 0.044901325506693394
436 406 0.19102329436458518
436 135 0.7385489458759966
436 188 0.31405435355412853
436 628 -0.08058229640253789
436 1416 0.732776720760177
436 725 0.6449020216370241
509 1220 -0.23500196645030186
509 341 0.7024393586862704
509 546 0.3311912901764077
509 1157 0.2928590268874948
509 278 0.5439611381401831
509 472 0.48155999510673714
509 1368 -0.038232462341386574
509 618 -0.3587267864624608
509 616 -0.4550910273091031
509 617 -0.06439903801721679
509 892 1.0
509 1289 -0.04512426281971375
509 223 -0.2624718697392145
509 80 0.3015113445777639
509 397 0.30208061802111263
509 628 -0.01124732029368827
509 334 0.3535533905932737
509 267 0.10976425998969035
509 574 -0.6334838004671217
509 29 0.8728715609439697
509 89 -0.944911182523068
509 931 0.20277677641345307
509 986 -0.05688801239885741
509 1187 0.4753415302409878
509 1336 0.6600250006041248
509 238 -0.061360086709227345
509 580 0.6987999679479003
509 1463 0.9176629354822471
509 313 0.5229371475881087
509 1398 0.3194444444444444
509 436 -0.3202563076101745
509 317 -0.09166984970282095
509 1060 0.6392092266028001
509 1388 0.016051831706309642
509 1508 0.10456292660552592
509 1149 -0.0
509 1147 -0.38953648389671736
509 489 0.12855306515941306
509 1206 -0.27868520085657683
509 114 -0.3348303261791839
509 188 -0.17168199059921968
509 298 -0.09215904893531875
509 1078 0.40911906954294
509 658 0.629308477335621
509 965 0.3255860044437603
509 120 -0.27132598191389345
546 1187 0.3205940553489767
546 653 -0.4002715433620868
546 478 0.03888568855239168
546 509 0.3311912901764075
546 683 0.5380528418150005
546 716 -0.5267587988963878
546 918 0.5400374191122352
546 403 0.8866206949335731
546 1398 -0.8017837257372731
546 436 -0.13245323570650483
546 1202 0.3039153369274154
546 223 0.19468374005448152
546 1147 0.38640077064565437
546 489 0.7655318158241115
546 188 -0.27957089598954316
546 628 0.13176315226604857
546 123 0.17256712249065842
546 931 -0.23809523809523828
546 965 0.6015119420628764
546 240 0.3689392259574613
546 777 0.2055566129482594
628 509 -0.01124732029368205
628 683 0.17827479677751445
628 716 0.04786168431619361
628 1159 -0.012383960279452263
628 6 1.0
628 432 0.3927760862547434
628 1398 0.8058229640253805
628 617 0.11239467933406685
628 1192 -0.30855568633594826
628 167 0.24899206685399275
628 436 -0.08058229640253829
628 670 0.6433874170521621
628 1147 0.5060608273474739
628 428 0.56933475738312
628 188 0.16517143694943517
628 364 0.8678333919815742
628 452 0.3661471561890675
628 1423 -0.05744545271758149
628 89 0.22347460335607205
628 362 -0.08190596936586275
628 999 0.3444735094987542
628 120 0.4605896841472433
892 550 -1.0
892 509 1.0
892 969 1.0
892 1147 0.0
892 188 -0.826033187630902
892 321 1.0
892 313 -1.0
892 29 1.0
