546 687 3.0
546 1 4.0
546 207 4.0
546 206 4.0
546 7 3.5
546 675 4.0
546 12 2.5
546 13 4.0
546 702 3.5
546 1116 3.5
546 216 4.0
546 1348 2.0
546 1349 3.5
546 391 3.5
546 638 4.0
546 211 2.5
546 714 2.5
546 512 3.0
546 235 3.5
546 432 3.5
546 318 4.0
546 425 3.0
546 592 1.5
546 489 1.0
546 251 3.0
546 721 3.0
546 245 3.0
546 900 4.0
546 897 1.0
546 241 4.0
282 235 0.5
282 5 2.5
1094 255 4.0
1094 3 4.0
1094 236 4.0
1094 4 4.0
1094 219 4.0
1094 7 4.0
1094 213 4.0
1094 9 4.0
1094 10 3.0
1094 215 4.0
1094 11 4.0
1094 13 4.0
79 273 2.0
79 3 2.5
79 4 4.0
79 6 3.0
79 8 0.5
79 13 4.0
79 256 3.5
79 257 3.0
79 516 2.5
79 517 1.5
79 304 2.0
79 518 0.5
79 519 3.5
79 512 2.5
79 309 0.5
79 513 4.0
79 514 3.5
79 515 3.0
79 315 4.0
79 520 2.5
79 521 3.5
79 318 0.5
79 347 2.0
79 344 4.0
79 84 4.0
79 335 3.5
79 378 3.0
79 352 3.0
79 361 1.5
79 121 1.5
79 410 1.5
79 411 4.0
79 408 3.0
79 409 2.5
79 414 4.0
79 415 4.0
79 412 3.0
79 413 1.0
79 402 2.5
79 403 3.5
79 400 3.0
79 401 2.5
79 406 3.0
79 407 0.5
79 404 0.5
79 405 2.5
79 395 1.0
79 394 3.0
79 393 4.0
79 392 1.5
79 399 4.0
79 398 4.0
79 397 1.0
79 396 4.0
79 387 0.5
79 386 2.0
79 385 0.5
79 384 4.0
79 391 2.5
79 390 3.5
79 389 4.0
79 388 3.5
79 440 2.0
79 441 2.5
79 442 3.5
79 443 2.5
79 444 2.5
79 445 3.0
79 446 4.0
79 172 1.0
79 447 3.0
79 432 1.0
79 433 3.5
79 434 1.0
79 435 2.5
79 436 3.0
79 437 1.0
79 438 2.0
79 439 1.5
79 425 3.0
79 424 1.5
79 427 2.5
79 426 2.0
79 429 4.0
79 428 3.0
79 431 1.5
79 430 1.5
79 417 4.0
79 416 1.0
79 419 2.0
79 418 0.5
79 421 4.0
79 420 1.0
79 423 2.5
79 422 1.5
79 478 3.0
79 479 4.0
79 476 1.5
79 477 2.5
79 474 1.5
79 475 4.0
79 472 3.0
79 473 2.5
79 470 1.5
79 471 2.5
79 468 2.0
79 469 2.0
79 466 3.5
79 467 3.0
79 464 4.0
79 465 4.0
79 463 1.0
79 462 3.0
79 461 2.0
79 460 2.5
79 459 0.5
79 458 3.5
79 217 3.0
79 218 1.5
79 457 1.0
79 456 4.0
79 212 0.5
79 455 2.0
79 454 3.5
79 453 3.0
79 452 3.5
79 215 1.0
79 451 4.0
79 450 1.5
79 449 2.0
79 448 2.5
79 508 4.0
79 239 2.5
79 509 1.0
79 510 1.0
79 237 1.0
79 511 2.0
79 504 0.5
79 505 1.5
79 506 1.5
79 233 3.0
79 507 1.0
79 500 4.0
79 501 1.5
79 502 2.5
79 503 3.0
79 496 1.0
79 497 3.0
79 498 1.5
79 499 3.5
79 493 0.5
79 255 3.0
79 492 2.0
79 495 1.5
79 494 1.0
79 489 3.0
79 250 2.5
79 251 1.5
79 488 3.0
79 491 1.0
79 248 1.5
79 490 3.5
79 485 1.5
79 484 4.0
79 487 4.0
79 244 3.5
79 486 1.5
79 481 2.0
79 480 2.5
79 243 0.5
79 483 1.5
79 482 2.5
892 1 2.5
892 474 3.5
892 1371 2.5
892 733 3.5
892 310 1.5
892 7 4.0
892 692 2.0
892 617 4.0
892 242 4.0
892 287 3.0
892 361 1.0
892 1136 4.0
1014 239 2.5
1014 205 3.5
1014 1 1.0
1014 2 3.5
1014 341 4.0
1014 3 3.0
1014 234 3.0
1014 7 4.0
1014 10 2.0
1014 11 4.0
1014 13 4.0
1014 252 3.0
1014 1626 4.0
1014 216 3.0
1014 217 2.0
1014 219 3.0
1014 212 1.0
1014 213 3.0
1014 416 4.0
1014 214 2.5
1014 215 3.0
1014 1482 4.0
1288 274 1.0
1288 1 3.0
1288 1101 4.0
1288 2 4.0
1288 3 3.5
1288 4 3.0
1288 5 3.0
1288 6 2.5
1288 7 3.0
1288 8 3.0
1288 9 3.5
1288 678 1.5
1288 11 4.0
1288 12 3.5
1288 405 4.0
1288 17 3.0
1288 26 4.0
1288 388 1.5
1288 307 4.0
1288 798 3.5
1288 641 3.5
1288 793 3.0
1288 668 3.0
1288 431 3.5
1288 1275 3.5
1288 205 4.0
1288 746 4.0
1288 1974 4.0
1288 207 2.5
1288 1975 4.0
1288 1026 3.5
1288 620 3.5
1288 1030 3.5
1288 219 3.5
1288 1178 3.5
1288 215 3.5
1288 638 3.0
1288 848 3.5
1288 236 3.5
1288 235 2.0
1288 593 3.0
1288 1203 4.0
1288 1200 1.0
1288 253 3.5
1288 1201 3.5
1288 250 4.0
1288 597 3.0
1288 596 3.5
1288 251 3.0
1288 1801 3.0
1288 843 1.0
1288 365 3.5
1288 1932 3.5
1288 242 3.5
938 207 3.5
938 336 4.0
938 12 2.5
938 220 3.0
938 17 3.5
938 1236 3.0
938 1237 3.0
938 1238 2.5
938 257 2.5
938 1239 2.5
938 1235 1.0
938 1244 2.0
938 1245 4.0
938 1246 3.0
938 1247 3.5
938 1240 2.0
938 1241 3.5
938 1242 2.5
938 1243 2.5
938 211 3.0
938 689 3.5
938 1254 2.0
938 1253 3.5
938 1252 2.5
938 1251 2.5
938 1250 2.0
938 1249 1.0
938 447 3.5
938 1248 2.5
938 499 3.0
938 289 3.5
938 723 2.0
628 550 4.0
628 1 3.5
628 207 1.5
628 3 2.5
628 5 3.0
628 7 4.0
628 10 1.5
628 11 2.5
628 617 4.0
628 12 1.5
628 13 3.0
628 17 4.0
628 220 3.5
628 257 4.0
628 216 3.5
628 217 2.0
628 219 3.5
628 213 3.5
628 214 3.0
628 215 3.0
628 91 2.0
628 211 3.5
628 239 2.0
628 512 4.0
628 235 2.0
628 234 1.0
628 233 2.5
628 313 3.0
628 1395 4.0
628 1394 3.5
628 253 3.0
628 251 3.0
628 607 4.0
628 241 4.0
452 1 4.0
452 3 3.0
452 4 3.0
452 5 3.5
452 6 3.5
452 7 3.0
452 9 4.0
452 10 3.0
452 11 3.5
452 12 2.5
452 13 4.0
452 17 3.0
452 257 3.5
452 144 4.0
452 264 3.5
452 1123 4.0
452 1278 4.0
452 1279 3.0
452 1276 2.0
452 1277 3.5
452 205 1.5
452 207 3.0
452 206 3.0
452 1031 3.5
452 220 3.0
452 216 2.0
452 217 3.0
452 219 3.5
452 1282 3.0
452 212 3.0
452 213 3.5
452 1283 4.0
452 214 4.0
452 1280 3.5
452 1281 3.5
452 215 4.0
452 1284 3.5
452 210 3.0
452 1285 4.0
452 211 3.5
452 239 3.0
452 236 4.0
452 235 2.5
452 234 3.0
452 1068 4.0
452 233 3.5
452 255 3.5
452 252 4.0
452 253 3.5
452 250 3.5
452 249 4.0
452 246 3.0
452 842 4.0
452 244 4.0
452 245 3.5
452 121 4.0
452 241 4.0
29 275 3.5
29 274 3.0
29 273 2.5
29 272 3.5
29 279 3.0
29 278 3.5
29 277 0.5
29 276 3.0
29 283 2.0
29 282 3.0
29 281 3.5
29 280 0.5
29 287 3.0
29 286 4.0
29 285 3.5
29 284 3.0
29 218 4.0
29 266 0.5
29 267 0.5
29 264 3.0
29 265 3.0
29 270 3.5
29 271 3.5
29 268 3.0
29 269 3.0
29 305 3.0
29 304 0.5
29 307 4.0
29 306 4.0
29 288 3.0
29 289 4.0
29 290 3.5
29 291 4.0
29 292 3.5
29 293 3.5
29 294 3.5
29 295 3.0
29 296 0.5
29 59 0.5
29 297 3.5
29 298 3.5
29 299 4.0
29 300 3.0
29 242 3.5
29 301 2.5
29 302 3.5
29 303 3.5
1187 550 2.5
1187 1 2.5
1187 548 3.0
1187 2 3.0
1187 1641 3.0
1187 3 4.0
1187 5 3.0
1187 7 3.5
1187 12 2.0
1187 13 4.0
1187 17 2.0
1187 20 2.5
1187 1661 3.0
1187 24 3.0
1187 29 2.0
1187 31 2.0
1187 1652 3.0
1187 512 3.5
1187 534 3.5
1187 1628 4.0
1187 528 3.0
1187 59 2.5
1187 537 2.5
1187 536 3.0
1187 1034 2.5
1187 1576 4.0
1187 618 3.0
1187 617 2.0
1187 73 3.0
1187 1599 3.5
1187 92 2.0
1187 638 3.5
1187 1585 3.0
1187 91 3.5
1187 1046 2.5
1187 582 2.5
1187 585 2.5
1187 588 2.0
1187 589 2.5
1187 1060 3.0
1187 591 1.5
1187 593 1.5
1187 592 1.0
1187 116 2.0
1187 597 1.0
1187 1562 3.0
1187 607 3.0
1187 1221 3.0
1187 686 3.0
1187 685 3.0
1187 682 3.0
1187 678 3.0
1187 130 3.0
1187 676 3.0
1187 675 3.5
1187 132 3.5
1187 702 4.0
1187 703 2.5
1187 701 3.0
1187 699 2.5
1187 1783 3.5
1187 695 2.5
1187 1784 3.0
1187 693 2.0
1187 148 2.0
1187 691 1.0
1187 689 4.0
1187 650 2.5
1187 167 3.0
1187 189 3.5
1187 657 3.0
1187 205 2.0
1187 746 3.0
1187 207 0.5
1187 744 2.5
1187 206 3.0
1187 750 3.5
1187 1711 2.0
1187 738 2.0
1187 741 2.5
1187 220 3.0
1187 762 3.0
1187 761 2.0
1187 216 3.0
1187 218 3.0
1187 1713 2.5
1187 219 3.0
1187 1178 3.0
1187 215 2.0
1187 210 3.5
1187 211 2.5
1187 713 3.0
1187 236 2.0
1187 717 3.0
1187 235 2.0
1187 1189 4.0
1187 1194 2.5
1187 711 3.0
1187 728 3.0
1187 255 3.5
1187 250 3.5
1187 251 3.0
1187 1204 3.5
1187 249 3.5
1187 722 2.5
1187 244 2.0
1187 245 3.5
1187 723 2.5
1187 242 2.5
1187 725 3.0
1187 243 1.5
1187 241 2.5
1187 1913 2.5
1187 820 2.0
1187 1912 2.5
1187 1915 3.0
1187 1914 3.0
1187 1917 2.0
1187 278 2.0
1187 1916 2.5
1187 1369 3.5
1187 1919 2.5
1187 1918 2.5
1187 1905 3.0
1187 1904 3.0
1187 1907 2.5
1187 1906 2.5
1187 1909 3.0
1187 286 3.0
1187 1908 2.5
1187 1911 2.5
1187 1910 2.5
1187 1896 3.0
1187 1897 2.5
1187 256 2.5
1187 1898 3.5
1187 1899 3.5
1187 1900 2.5
1187 1901 3.0
1187 1902 2.0
1187 1903 3.0
1187 1888 2.5
1187 1889 3.0
1187 1890 4.0
1187 1348 2.5
1187 265 3.0
1187 1349 2.5
1187 1891 2.5
1187 1892 3.0
1187 270 2.5
1187 1893 3.0
1187 1894 2.0
1187 1895 2.5
1187 304 3.0
1187 790 3.0
1187 787 2.5
1187 1887 3.5
1187 1886 3.5
1187 310 3.0
1187 799 2.0
1187 318 3.0
1187 1388 2.5
1187 1867 3.0
1187 1385 3.0
1187 294 3.0
1187 769 3.0
1187 781 3.0
1187 301 1.0
1187 341 1.0
1187 340 2.5
1187 339 2.0
1187 345 3.0
1187 1836 3.0
1187 866 3.0
1187 335 3.0
1187 876 3.0
1187 850 2.5
1187 1820 3.0
1187 1819 3.0
1187 368 3.5
1187 857 3.0
1187 356 2.5
1187 359 3.0
1187 365 3.0
1187 361 2.5
1187 410 2.5
1187 959 2.0
1187 414 3.5
1187 1488 3.0
1187 949 2.5
1187 951 2.5
1187 947 2.0
1187 943 3.0
1187 933 1.0
1187 432 3.0
1187 434 2.5
1187 436 3.5
1187 438 2.0
1187 1530 2.0
1187 425 3.5
1187 431 3.5
1187 900 3.5
1187 898 2.5
1187 423 1.5
1187 478 2.5
1187 473 3.0
1187 1011 2.5
1187 1013 3.0
1187 1002 3.0
1187 1006 2.5
1187 454 3.0
1187 452 2.0
1187 984 2.5
1187 510 2.0
1187 511 3.5
1187 977 3.0
1187 983 2.5
1187 499 2.5
1187 1927 2.0
1187 1926 2.0
1187 1440 3.5
1187 1925 3.5
1187 1924 2.5
1187 1442 4.0
1187 1923 3.0
1187 489 2.5
1187 488 3.0
1187 1922 3.0
1187 1921 3.0
1187 1920 3.0
1187 484 4.0
1187 480 2.5
509 1 3.0
509 2 3.0
509 4 2.5
509 414 3.5
509 278 2.5
509 7 3.5
509 283 2.0
509 9 3.5
509 282 2.5
509 10 3.0
509 11 2.5
509 12 4.0
509 286 4.0
509 13 3.5
509 702 2.0
509 937 3.5
509 1234 3.0
509 938 3.0
509 148 3.0
509 929 2.0
509 931 1.5
509 930 3.0
509 926 3.0
509 927 1.0
509 924 2.0
509 921 3.5
509 434 3.0
509 522 3.5
509 779 1.5
509 69 4.0
509 207 3.0
509 341 1.0
509 751 0.5
509 1311 0.5
509 1310 2.5
509 748 3.0
509 218 3.5
509 764 3.0
509 219 4.0
509 212 3.5
509 215 3.5
509 209 4.0
509 211 2.5
509 577 3.0
509 511 4.0
509 236 0.5
509 584 0.5
509 1320 1.5
509 1321 2.5
509 592 1.5
509 1322 4.0
509 1323 4.0
509 1080 3.5
509 352 3.5
509 1324 3.0
509 250 3.5
509 1325 1.5
509 488 3.0
509 251 4.0
509 1326 1.0
509 1327 2.5
509 598 3.0
509 249 3.0
509 1312 1.5
509 1313 4.0
509 1314 1.5
509 1315 2.5
509 245 3.5
509 1316 2.0
509 1317 4.0
509 1318 0.5
509 241 3.0
509 1319 2.0
716 205 1.5
716 1 1.0
716 2 3.0
716 207 2.0
716 206 2.5
716 3 2.0
716 4 4.0
716 5 4.0
716 6 4.0
716 7 2.5
716 9 3.0
716 10 2.0
716 11 4.0
716 12 2.5
716 13 4.0
716 17 3.0
716 220 4.0
716 1410 3.0
716 84 2.5
716 257 2.5
716 216 1.5
716 217 3.0
716 219 3.0
716 213 3.0
716 214 2.0
716 215 4.0
716 211 4.0
716 239 3.0
716 236 2.5
716 234 3.5
716 233 2.5
716 1123 4.0
716 1509 4.0
716 254 3.5
716 255 4.0
716 253 3.0
716 250 4.0
716 251 3.5
716 249 3.0
716 246 3.0
716 247 2.5
716 244 4.0
716 245 3.5
716 243 0.5
716 121 3.5
1249 2 3.0
1249 3 3.0
1249 4 0.5
1249 5 3.5
1249 6 3.0
1249 7 3.0
1249 8 4.0
1249 9 3.0
1249 11 3.5
1249 12 2.5
1249 17 3.0
1249 257 3.0
1249 25 3.0
1249 32 1.5
1249 36 0.5
1249 37 4.0
1249 42 4.0
1249 1124 0.5
1249 40 2.0
1249 46 2.0
1249 1395 3.0
1249 59 4.0
1249 56 1.5
1249 61 4.0
1249 1582 2.0
1249 1583 3.5
1249 1580 2.0
1249 1581 2.0
1249 1578 3.0
1249 1579 3.0
1249 65 2.5
1249 1576 1.5
1249 67 1.0
1249 1577 3.0
1249 1574 1.0
1249 1572 3.5
1249 1570 3.0
1249 72 3.0
1249 1571 1.5
1249 1569 2.0
1249 84 4.0
1249 98 3.5
1249 585 2.5
1249 383 1.5
1249 377 3.0
1249 119 1.5
1249 113 0.5
1249 125 0.5
1249 124 1.0
1249 122 2.5
1249 121 3.5
1249 120 3.5
1249 141 2.5
1249 128 3.0
1249 401 4.0
1249 152 3.5
1249 395 4.0
1249 154 3.0
1249 156 0.5
1249 157 3.0
1249 158 1.0
1249 146 1.5
1249 149 1.5
1249 150 4.0
1249 171 2.0
1249 170 1.0
1249 919 1.0
1249 160 1.0
1249 191 3.0
1249 179 0.5
1249 204 3.5
1249 207 3.0
1249 206 4.0
1249 1968 2.5
1249 1010 3.0
1249 464 4.0
1249 194 3.0
1249 220 3.0
1249 1959 4.0
1249 460 4.0
1249 1958 1.0
1249 219 3.5
1249 1965 3.0
1249 1964 2.0
1249 214 3.0
1249 1967 2.5
1249 215 4.0
1249 1966 1.0
1249 1961 1.0
1249 1960 2.0
1249 210 3.0
1249 1963 2.0
1249 211 3.5
1249 1962 2.0
1249 1187 2.0
1249 239 3.5
1249 236 3.5
1249 233 3.5
1249 705 3.5
1249 254 3.0
1249 255 3.5
1249 252 2.5
1249 253 3.0
1249 250 3.5
1249 251 3.5
1249 246 3.5
1249 244 3.0
1249 243 3.5
433 1220 4.0
433 2 0.5
433 341 1.0
433 278 2.0
433 143 3.5
433 1230 3.0
433 675 4.0
433 26 3.5
433 875 4.0
433 579 3.5
433 787 2.5
433 1263 4.0
433 1262 4.0
433 1261 3.5
433 860 3.0
433 1270 2.5
433 1268 4.0
433 1269 3.0
433 1266 4.0
433 1267 3.0
433 1264 3.0
433 1265 3.0
433 780 2.0
433 781 3.5
433 845 3.5
1398 274 3.5
1398 1 3.5
1398 2 4.0
1398 948 3.5
1398 2041 4.0
1398 2042 4.0
1398 1230 3.0
1398 2043 3.5
1398 286 4.0
1398 827 4.0
1398 564 3.5
1398 696 4.0
1398 1661 4.0
1398 810 3.5
1398 304 3.5
1398 169 0.5
1398 442 3.0
1398 512 4.0
1398 432 4.0
1398 313 4.0
1398 522 3.5
1398 318 3.5
1398 770 4.0
1398 294 4.0
1398 301 3.0
1398 898 3.0
1398 478 3.0
1398 746 3.0
1398 207 3.0
1398 609 4.0
1398 1039 4.0
1398 743 1.0
1398 347 4.0
1398 345 3.5
1398 218 4.0
1398 872 3.5
1398 509 3.0
1398 850 4.0
1398 716 4.0
1398 582 4.0
1398 583 3.0
1398 584 3.5
1398 585 3.5
1398 587 1.0
1398 709 4.0
1398 588 4.0
1398 589 4.0
1398 590 3.0
1398 494 4.0
1398 490 2.5
1398 246 3.0
1398 600 4.0
1398 1072 3.0
1398 363 4.0
1333 1 3.0
1333 2 3.5
1333 3 4.0
1333 4 1.0
1333 5 4.0
1333 7 1.0
1333 1368 4.0
1333 8 4.0
1333 9 4.0
1333 11 1.0
1333 1638 4.0
1333 12 0.5
1333 554 2.5
1333 13 2.0
1333 555 3.5
1333 17 2.0
1333 1657 1.0
1333 563 4.0
1333 560 4.0
1333 1649 0.5
1333 269 4.0
1333 514 3.0
1333 799 4.0
1333 1873 4.0
1333 1872 4.0
1333 1604 4.0
1333 1123 4.0
1333 1867 3.5
1333 289 4.0
1333 292 4.0
1333 611 4.0
1333 341 3.0
1333 1037 3.0
1333 1844 3.0
1333 344 3.0
1333 1597 2.5
1333 1054 3.0
1333 1831 3.0
1333 638 3.0
1333 103 3.0
1333 1342 1.0
1333 1057 1.0
1333 358 3.0
1333 355 1.5
1333 367 3.5
1333 1768 4.0
1333 2017 1.5
1333 2016 3.0
1333 2019 3.5
1333 2018 4.0
1333 2021 2.5
1333 2020 2.5
1333 2023 2.5
1333 2022 4.0
1333 2024 3.5
1333 928 1.0
1333 2002 3.5
1333 2003 2.0
1333 169 2.0
1333 2000 2.5
1333 2001 1.0
1333 2006 3.5
1333 1732 3.0
1333 2007 1.0
1333 2004 2.5
1333 2005 0.5
1333 2010 3.5
1333 433 0.5
1333 2011 1.5
1333 2008 1.0
1333 2009 3.0
1333 2014 4.0
1333 1740 3.0
1333 2015 3.5
1333 2012 1.0
1333 2013 4.0
1333 1987 1.5
1333 425 4.0
1333 1986 2.5
1333 1985 3.5
1333 1984 3.0
1333 1991 2.5
1333 1990 2.5
1333 905 3.5
1333 1989 2.5
1333 1988 4.0
1333 1995 2.0
1333 1994 4.0
1333 1993 2.0
1333 1992 2.5
1333 1999 3.0
1333 1998 0.5
1333 1997 2.0
1333 1996 2.5
1333 205 4.0
1333 1703 1.0
1333 1702 2.0
1333 1018 3.0
1333 206 2.5
1333 472 0.5
1333 198 2.0
1333 1983 3.5
1333 220 1.5
1333 763 0.5
1333 217 3.5
1333 211 3.0
1333 236 4.0
1333 1198 4.0
1333 1675 4.0
1333 1945 4.0
1333 493 3.5
1333 254 4.0
1333 253 0.5
1333 1451 4.0
1333 241 1.0
436 516 4.0
436 307 4.0
436 207 3.0
436 2 3.5
436 3 3.0
436 512 1.0
436 5 3.0
436 6 3.0
436 9 3.5
436 286 4.0
436 220 3.0
436 17 4.0
436 729 4.0
436 1271 3.5
436 253 3.0
436 250 3.5
436 251 2.5
436 600 4.0
436 247 3.0
436 726 4.0
436 1272 1.0
436 1273 4.0
436 757 4.0
436 211 4.0
1202 205 3.5
1202 1 3.0
1202 2 2.5
1202 207 3.0
1202 3 1.5
1202 206 3.0
1202 4 3.0
1202 5 3.5
1202 6 3.5
1202 7 3.5
1202 8 1.5
1202 9 2.5
1202 10 4.0
1202 11 3.0
1202 12 2.5
1202 13 4.0
1202 220 1.5
1202 17 3.5
1202 84 3.0
1202 256 3.0
1202 257 4.0
1202 216 4.0
1202 217 1.0
1202 219 0.5
1202 212 2.5
1202 213 1.0
1202 214 3.0
1202 215 3.5
1202 210 1.0
1202 211 3.0
1202 239 4.0
1202 236 3.5
1202 235 2.0
1202 234 1.5
1202 233 2.5
1202 254 3.0
1202 255 3.5
1202 252 3.0
1202 253 2.0
1202 250 4.0
1202 251 3.0
1202 248 3.0
1202 249 2.5
1202 246 2.5
1202 247 3.0
1202 244 0.5
1202 245 4.0
1202 243 3.0
1202 121 2.0
1202 241 3.5
969 274 2.5
969 279 3.5
969 286 4.0
969 801 2.5
969 1352 2.0
969 574 2.5
969 1649 3.0
969 572 4.0
969 265 2.5
969 270 3.5
969 28 3.5
969 268 3.5
969 304 3.5
969 1407 2.5
969 309 2.5
969 799 2.5
969 798 4.0
969 314 2.5
969 289 3.0
969 770 4.0
969 293 3.0
969 295 2.5
969 769 3.5
969 1382 1.0
969 299 4.0
969 71 3.0
969 1035 4.0
969 1299 3.0
969 890 1.5
969 345 2.5
969 1300 3.5
969 1598 3.0
969 866 3.0
969 335 3.5
969 876 3.5
969 576 2.5
969 370 3.0
969 1547 1.5
969 585 3.0
969 588 3.0
969 589 2.5
969 861 2.5
969 590 2.5
969 358 2.0
969 833 3.0
969 359 3.0
969 838 3.0
969 839 4.0
969 599 2.5
969 127 2.5
969 366 1.5
969 360 2.5
969 604 3.0
969 1552 3.0
969 1763 2.0
969 1762 3.0
969 1761 3.5
969 1760 2.5
969 955 1.5
969 949 2.0
969 1500 1.0
969 947 2.5
969 393 3.5
969 936 3.5
969 396 3.5
969 691 1.5
969 688 1.5
969 440 3.0
969 1729 4.0
969 1728 1.5
969 1731 2.0
969 1730 2.0
969 1520 3.0
969 1733 2.5
969 1732 2.5
969 1735 2.0
969 1734 2.5
969 1737 3.5
969 1736 3.5
969 1739 2.5
969 1534 3.5
969 1738 4.0
969 1741 2.0
969 167 3.0
969 1740 3.0
969 1743 2.5
969 1742 4.0
969 1744 3.0
969 1745 3.0
969 1746 2.5
969 1747 3.5
969 908 3.0
969 1748 2.5
969 429 4.0
969 1749 2.0
969 1750 2.0
969 1751 2.0
969 1752 2.0
969 1753 2.5
969 1754 2.5
969 419 3.0
969 1755 2.5
969 1756 3.0
969 1757 3.0
969 183 2.5
969 1758 3.0
969 1759 2.5
969 478 3.0
969 1703 3.0
969 746 3.5
969 1702 2.5
969 1701 3.5
969 1700 0.5
969 1699 2.5
969 750 3.0
969 1698 3.0
969 1697 3.0
969 1159 4.0
969 1696 3.0
969 197 4.0
969 1711 2.5
969 1710 3.0
969 1010 1.0
969 1709 3.0
969 1708 1.5
969 1707 4.0
969 1706 3.0
969 1164 1.5
969 1705 3.0
969 1704 3.0
969 1718 3.5
969 1719 1.5
969 1716 2.0
969 1717 2.5
969 1714 2.5
969 1715 3.5
969 1712 3.0
969 765 2.0
969 1713 2.0
969 1726 1.5
969 1727 2.5
969 1724 3.0
969 1725 2.0
969 1722 2.5
969 1723 3.0
969 1720 3.0
969 1721 2.5
969 986 2.5
969 712 2.5
969 511 4.0
969 705 3.5
969 502 3.0
969 706 2.5
969 1673 3.0
969 493 3.0
969 1684 2.5
969 729 3.0
969 1685 2.5
969 1686 1.5
969 1687 3.0
969 1206 3.5
969 1445 3.5
969 733 1.5
969 1682 2.0
969 1683 3.0
969 1692 2.5
969 1693 2.5
969 1694 4.0
969 1695 4.0
969 242 3.5
969 1688 3.0
969 1689 3.5
969 1690 3.0
969 1691 3.5
1149 2 3.5
1149 207 2.5
1149 1036 4.0
1149 5 3.0
1149 278 3.5
1149 7 3.5
1149 10 3.5
1149 676 3.0
1149 347 3.0
1149 675 3.5
1149 17 3.5
1149 805 4.0
1149 755 3.5
1149 1043 3.5
1149 875 2.5
1149 265 2.0
1149 148 3.5
1149 239 3.0
1149 1405 3.5
1149 1404 3.5
1149 307 3.5
1149 1401 3.5
1149 447 4.0
1149 583 2.0
1149 434 2.0
1149 1399 3.5
1149 1398 3.5
1149 1198 4.0
1149 589 3.0
1149 431 2.5
1149 657 3.0
1147 958 2.5
1147 684 3.0
1147 683 3.0
1147 680 2.5
1147 8 3.0
1147 830 3.5
1147 287 2.5
1147 12 1.0
1147 406 3.0
1147 944 1.0
1147 284 3.0
1147 940 3.5
1147 701 1.0
1147 698 2.0
1147 699 4.0
1147 397 3.0
1147 696 3.5
1147 932 2.5
1147 265 3.5
1147 26 3.0
1147 391 4.0
1147 270 3.5
1147 810 3.0
1147 389 2.5
1147 655 3.0
1147 512 4.0
1147 923 2.0
1147 432 4.0
1147 1393 1.5
1147 316 3.5
1147 521 3.5
1147 318 4.0
1147 289 3.0
1147 529 3.0
1147 293 4.0
1147 299 4.0
1147 657 3.5
1147 658 3.5
1147 747 2.0
1147 205 2.5
1147 207 2.0
1147 745 3.0
1147 1854 1.0
1147 749 2.5
1147 473 3.5
1147 336 3.5
1147 351 0.5
1147 350 2.5
1147 738 2.5
1147 617 2.5
1147 345 3.5
1147 760 3.0
1147 218 3.0
1147 1007 3.0
1147 455 3.0
1147 453 2.5
1147 1589 1.5
1147 753 3.5
1147 758 3.0
1147 91 4.0
1147 712 3.5
1147 510 2.0
1147 715 2.0
1147 235 2.5
1147 583 3.0
1147 584 3.0
1147 585 3.5
1147 706 2.5
1147 587 1.5
1147 709 3.0
1147 589 3.5
1147 593 2.5
1147 835 3.5
1147 968 3.5
1147 594 2.0
1147 597 1.5
1147 733 3.0
1147 735 2.5
1147 598 4.0
1147 365 3.5
1147 484 3.0
1147 961 3.0
1147 604 2.5
1147 480 2.5
1147 847 3.0
1147 606 2.0
188 821 4.0
188 1 4.0
188 820 1.0
188 823 3.0
188 822 4.0
188 3 2.0
188 4 3.0
188 817 4.0
188 5 2.0
188 816 4.0
188 278 4.0
188 819 4.0
188 818 2.0
188 7 1.5
188 829 0.5
188 828 2.5
188 10 3.0
188 831 4.0
188 11 3.5
188 830 4.0
188 825 4.0
188 824 4.0
188 13 4.0
188 827 4.0
188 826 4.0
188 17 3.0
188 20 3.0
188 812 1.5
188 813 4.0
188 814 1.5
188 815 4.0
188 26 3.0
188 29 2.5
188 28 4.0
188 809 4.0
188 31 4.0
188 810 1.5
188 811 3.5
188 787 1.5
188 310 3.5
188 313 0.5
188 520 4.0
188 318 1.0
188 770 4.0
188 293 4.0
188 294 3.0
188 69 3.5
188 70 0.5
188 339 3.0
188 336 3.5
188 73 2.5
188 81 3.5
188 83 3.5
188 93 2.5
188 92 1.5
188 91 2.5
188 100 3.0
188 583 4.0
188 584 3.0
188 588 2.0
188 834 4.0
188 835 1.5
188 832 1.0
188 833 1.0
188 838 2.5
188 839 4.0
188 836 1.5
188 837 3.0
188 598 4.0
188 365 3.5
188 840 3.0
188 841 4.0
188 360 1.5
188 607 4.0
188 606 2.0
188 683 3.0
188 412 3.0
188 675 2.5
188 702 4.0
188 699 4.0
188 157 2.0
188 397 3.5
188 696 4.0
188 694 0.5
188 148 3.5
188 389 1.0
188 655 3.0
188 426 2.5
188 658 4.0
188 746 4.0
188 207 2.5
188 206 3.5
188 750 3.0
188 749 1.0
188 739 0.5
188 196 3.5
188 742 0.5
188 220 4.0
188 760 3.0
188 460 4.0
188 216 4.0
188 217 4.0
188 218 3.5
188 219 3.0
188 455 3.0
188 213 4.0
188 753 3.0
188 211 4.0
188 510 2.0
188 236 4.0
188 717 3.0
188 716 3.5
188 499 1.5
188 728 4.0
188 253 4.0
188 732 3.0
188 490 2.0
188 723 3.0
188 245 4.0
188 480 3.0
485 1 3.5
485 408 3.5
485 2 2.5
485 3 4.0
485 4 3.5
485 5 3.0
485 6 4.0
485 7 4.0
485 8 3.0
485 9 3.5
485 10 3.5
485 11 4.0
485 12 3.5
485 13 3.0
485 17 3.0
485 256 3.5
485 257 3.0
485 205 4.0
485 207 3.5
485 206 3.5
485 1303 3.0
485 1302 3.5
485 220 3.0
485 84 2.5
485 216 3.5
485 217 4.0
485 219 3.5
485 212 4.0
485 213 3.0
485 214 3.5
485 215 3.5
485 210 3.5
485 211 4.0
485 239 3.5
485 236 3.5
485 235 3.0
485 234 3.5
485 233 4.0
485 254 3.0
485 255 4.0
485 252 3.5
485 253 3.5
485 250 3.0
485 251 3.0
485 248 3.0
485 249 3.0
485 246 4.0
485 247 3.5
485 244 4.0
485 245 3.5
485 243 4.0
485 121 3.5
485 241 3.0
782 205 3.5
782 1 3.0
782 207 2.0
782 206 3.0
782 5 4.0
782 7 4.0
782 8 3.0
782 9 3.0
782 10 2.0
782 11 0.5
782 12 2.0
782 13 2.0
782 220 4.0
782 17 3.0
782 216 3.0
782 217 3.0
782 219 2.0
782 212 4.0
782 213 1.5
782 214 4.0
782 215 4.0
782 211 4.0
782 235 2.0
782 234 3.5
782 233 3.0
782 253 4.0
782 250 4.0
782 251 3.0
782 249 4.0
782 245 4.0
782 243 2.0
298 205 3.5
298 1 4.0
298 207 2.0
298 339 1.0
298 278 3.5
298 337 3.0
298 7 4.0
298 336 3.5
298 11 3.5
298 347 4.0
298 13 4.0
298 17 2.0
298 84 3.0
298 257 3.0
298 218 1.5
298 335 3.5
298 1040 3.5
298 215 4.0
298 270 3.0
298 148 2.5
298 91 4.0
298 756 1.0
298 211 3.0
298 304 4.0
298 235 2.5
298 584 3.5
298 252 3.5
298 251 3.0
298 734 1.0
298 294 4.0
298 247 3.5
298 241 3.5
361 1101 4.0
361 274 3.0
361 141 3.0
361 11 3.5
361 743 3.5
361 12 1.5
361 17 3.5
361 806 3.5
361 1003 0.5
361 800 3.0
361 218 3.0
361 219 3.0
361 267 4.0
361 752 2.0
361 638 4.0
361 307 4.0
361 236 3.5
361 796 4.0
361 1199 3.0
361 641 3.5
361 794 4.0
361 793 3.0
361 1202 2.5
361 1203 4.0
361 1200 3.0
361 253 4.0
361 1201 3.5
361 664 3.5
361 1206 4.0
361 251 3.5
361 1204 3.5
361 1205 3.5
361 486 3.5
361 242 3.5
965 205 3.0
965 1 3.5
965 2 0.5
965 207 4.0
965 1641 4.0
965 3 0.5
965 206 4.0
965 683 2.0
965 749 3.5
965 680 4.0
965 7 3.5
965 10 3.5
965 11 1.0
965 12 2.5
965 13 3.5
965 17 3.0
965 256 4.0
965 257 2.0
965 216 2.5
965 217 2.0
965 696 4.0
965 218 4.0
965 397 4.0
965 219 4.0
965 212 2.5
965 694 3.0
965 213 3.5
965 215 2.5
965 509 4.0
965 442 4.0
965 235 4.0
965 583 4.0
965 585 3.5
965 1679 3.0
965 857 4.0
965 252 2.0
965 253 3.0
965 1680 3.5
965 1681 2.5
965 490 4.0
965 246 2.5
965 245 2.0
965 121 2.0
965 606 0.5
965 241 3.5
