546 478 1.0
546 1187 1.0
546 653 1.0
546 509 1.0
546 683 1.0
546 716 1.0
546 918 1.0
546 403 1.0
546 1398 1.0
546 436 1.0
546 1202 1.0
546 969 1.0
546 223 1.0
546 489 1.0
546 1147 1.0
546 188 1.0
546 628 1.0
546 123 1.0
546 29 1.0
546 931 1.0
546 965 1.0
546 240 1.0
546 777 1.0
282 1549 1.0
282 716 1.0
282 1249 1.0
282 6 1.0
282 739 1.0
282 315 1.0
282 1192 1.0
282 79 1.0
282 863 1.0
282 1302 1.0
282 1355 1.0
282 188 1.0
282 628 1.0
282 355 1.0
282 782 1.0
282 452 1.0
1094 274 1.0
1094 32 1.0
1094 1459 1.0
1094 1500 1.0
1094 857 1.0
1094 1604 1.0
1094 1605 1.0
1094 741 1.0
1094 1565 1.0
1094 703 1.0
1094 253 1.0
1094 696 1.0
1094 295 1.0
1094 159 1.0
1094 1344 1.0
1094 329 1.0
79 1153 1.0
79 426 1.0
79 188 1.0
79 1249 1.0
79 355 1.0
79 782 1.0
79 842 1.0
79 739 1.0
79 282 1.0
79 315 1.0
79 1072 1.0
79 863 1.0
892 550 1.0
892 1016 1.0
892 509 1.0
892 745 1.0
892 1159 1.0
892 1532 1.0
892 313 1.0
892 1398 1.0
892 436 1.0
892 969 1.0
892 1147 1.0
892 188 1.0
892 321 1.0
892 29 1.0
892 1481 1.0
892 965 1.0
1014 702 1.0
1014 509 1.0
1014 580 1.0
1014 355 1.0
1014 1601 1.0
1014 1533 1.0
1014 416 1.0
1014 1556 1.0
1014 1417 1.0
1014 503 1.0
1014 658 1.0
1288 516 1.0
1288 372 1.0
1288 154 1.0
1288 806 1.0
1288 1507 1.0
1288 433 1.0
1288 1331 1.0
1288 1468 1.0
1288 898 1.0
1288 361 1.0
1288 165 1.0
1288 284 1.0
938 508 1.0
938 1033 1.0
938 578 1.0
938 273 1.0
938 853 1.0
938 402 1.0
938 858 1.0
938 1160 1.0
938 702 1.0
938 1508 1.0
938 764 1.0
938 782 1.0
938 300 1.0
938 999 1.0
628 509 1.0
628 683 1.0
628 716 1.0
628 1159 1.0
628 6 1.0
628 432 1.0
628 1398 1.0
628 617 1.0
628 1192 1.0
628 167 1.0
628 436 1.0
628 670 1.0
628 1147 1.0
628 428 1.0
628 188 1.0
628 364 1.0
628 452 1.0
628 1423 1.0
628 89 1.0
628 362 1.0
628 999 1.0
628 120 1.0
452 791 1.0
452 1549 1.0
452 282 1.0
452 312 1.0
452 1479 1.0
452 1202 1.0
452 221 1.0
452 1560 1.0
452 628 1.0
452 782 1.0
452 1559 1.0
452 1137 1.0
452 1182 1.0
452 1420 1.0
452 568 1.0
29 509 1.0
29 546 1.0
29 716 1.0
29 1159 1.0
29 989 1.0
29 129 1.0
29 1435 1.0
29 403 1.0
29 1398 1.0
29 436 1.0
29 892 1.0
29 1061 1.0
29 969 1.0
29 1147 1.0
29 188 1.0
29 628 1.0
29 1350 1.0
29 298 1.0
29 1481 1.0
29 965 1.0
29 568 1.0
29 1106 1.0
1187 509 1.0
1187 546 1.0
1187 1615 1.0
1187 502 1.0
1187 1398 1.0
1187 348 1.0
1187 496 1.0
1187 1200 1.0
1187 223 1.0
1187 489 1.0
1187 80 1.0
1187 294 1.0
1187 628 1.0
1187 215 1.0
1187 123 1.0
1187 965 1.0
1187 240 1.0
1187 931 1.0
1187 777 1.0
509 956 1.0
509 1220 1.0
509 546 1.0
509 278 1.0
509 1368 1.0
509 394 1.0
509 397 1.0
509 694 1.0
509 267 1.0
509 574 1.0
509 29 1.0
509 1104 1.0
509 1481 1.0
509 931 1.0
509 1128 1.0
509 313 1.0
509 1398 1.0
509 317 1.0
509 436 1.0
509 1392 1.0
509 1388 1.0
509 1508 1.0
509 1149 1.0
509 1147 1.0
509 188 1.0
509 297 1.0
509 298 1.0
509 1276 1.0
509 658 1.0
509 1033 1.0
509 1427 1.0
509 341 1.0
509 1157 1.0
509 472 1.0
509 618 1.0
509 616 1.0
509 617 1.0
509 892 1.0
509 1568 1.0
509 223 1.0
509 1289 1.0
509 80 1.0
509 628 1.0
509 334 1.0
509 89 1.0
509 1187 1.0
509 986 1.0
509 238 1.0
509 1336 1.0
509 580 1.0
509 1463 1.0
509 1060 1.0
509 1567 1.0
509 489 1.0
509 1206 1.0
509 114 1.0
509 1078 1.0
509 965 1.0
509 120 1.0
716 509 1.0
716 1159 1.0
716 989 1.0
716 402 1.0
716 282 1.0
716 312 1.0
716 1398 1.0
716 436 1.0
716 711 1.0
716 426 1.0
716 1147 1.0
716 1504 1.0
716 188 1.0
716 628 1.0
716 1350 1.0
716 1348 1.0
716 29 1.0
716 1481 1.0
1249 1153 1.0
1249 791 1.0
1249 426 1.0
1249 428 1.0
1249 739 1.0
1249 282 1.0
1249 315 1.0
1249 79 1.0
1249 1072 1.0
1249 1165 1.0
1249 362 1.0
1249 422 1.0
433 516 1.0
433 508 1.0
433 372 1.0
433 1018 1.0
433 584 1.0
433 1397 1.0
433 1331 1.0
433 861 1.0
433 499 1.0
433 1388 1.0
433 806 1.0
433 1288 1.0
433 154 1.0
433 1415 1.0
433 1507 1.0
433 769 1.0
433 752 1.0
433 1383 1.0
433 1558 1.0
433 361 1.0
433 420 1.0
433 636 1.0
1398 1187 1.0
1398 957 1.0
1398 509 1.0
1398 1578 1.0
1398 546 1.0
1398 716 1.0
1398 1432 1.0
1398 160 1.0
1398 436 1.0
1398 223 1.0
1398 1357 1.0
1398 1147 1.0
1398 528 1.0
1398 188 1.0
1398 628 1.0
1398 1176 1.0
1398 298 1.0
1398 29 1.0
1398 1481 1.0
1398 965 1.0
1398 636 1.0
1333 1168 1.0
1333 509 1.0
1333 681 1.0
1333 1208 1.0
1333 616 1.0
1333 1079 1.0
1333 29 1.0
1333 877 1.0
1333 91 1.0
1333 1515 1.0
1333 845 1.0
436 478 1.0
436 509 1.0
436 546 1.0
436 716 1.0
436 918 1.0
436 1398 1.0
436 160 1.0
436 406 1.0
436 135 1.0
436 1413 1.0
436 188 1.0
436 628 1.0
436 1416 1.0
436 29 1.0
436 725 1.0
436 268 1.0
1202 546 1.0
1202 1600 1.0
1202 403 1.0
1202 1528 1.0
1202 1167 1.0
1202 762 1.0
1202 221 1.0
1202 1357 1.0
1202 112 1.0
1202 628 1.0
1202 452 1.0
1202 1423 1.0
1202 1420 1.0
969 1187 1.0
969 509 1.0
969 1544 1.0
969 546 1.0
969 716 1.0
969 1159 1.0
969 1435 1.0
969 1398 1.0
969 436 1.0
969 892 1.0
969 1598 1.0
969 1147 1.0
969 188 1.0
969 628 1.0
969 298 1.0
969 29 1.0
969 965 1.0
1149 509 1.0
1149 849 1.0
1149 1217 1.0
1149 473 1.0
1149 705 1.0
1149 618 1.0
1149 739 1.0
1149 471 1.0
1149 382 1.0
1149 1125 1.0
1149 640 1.0
1149 254 1.0
1149 837 1.0
1149 1205 1.0
1149 1042 1.0
1149 605 1.0
1149 876 1.0
1147 509 1.0
1147 546 1.0
1147 716 1.0
1147 1488 1.0
1147 66 1.0
1147 1159 1.0
1147 403 1.0
1147 312 1.0
1147 1398 1.0
1147 892 1.0
1147 969 1.0
1147 223 1.0
1147 80 1.0
1147 188 1.0
1147 628 1.0
1147 298 1.0
1147 29 1.0
1147 362 1.0
1147 1481 1.0
1147 965 1.0
188 478 1.0
188 1022 1.0
188 402 1.0
188 1435 1.0
188 79 1.0
188 1361 1.0
188 552 1.0
188 1479 1.0
188 221 1.0
188 397 1.0
188 628 1.0
188 1350 1.0
188 29 1.0
188 1481 1.0
188 150 1.0
188 1106 1.0
188 1420 1.0
188 509 1.0
188 307 1.0
188 716 1.0
188 99 1.0
188 989 1.0
188 1532 1.0
188 312 1.0
188 1398 1.0
188 436 1.0
188 166 1.0
188 591 1.0
188 495 1.0
188 1504 1.0
188 491 1.0
188 905 1.0
188 1327 1.0
188 782 1.0
188 1137 1.0
188 965 1.0
485 702 1.0
485 1565 1.0
485 1564 1.0
485 1271 1.0
485 392 1.0
485 1019 1.0
485 1561 1.0
485 1563 1.0
485 1562 1.0
485 873 1.0
485 633 1.0
485 1225 1.0
782 509 1.0
782 6 1.0
782 402 1.0
782 858 1.0
782 312 1.0
782 315 1.0
782 1192 1.0
782 79 1.0
782 863 1.0
782 134 1.0
782 188 1.0
782 764 1.0
782 355 1.0
782 938 1.0
782 634 1.0
782 1348 1.0
782 999 1.0
298 410 1.0
298 509 1.0
298 1550 1.0
298 1551 1.0
298 1159 1.0
298 129 1.0
298 1398 1.0
298 160 1.0
298 436 1.0
298 254 1.0
298 969 1.0
298 1147 1.0
298 1355 1.0
298 188 1.0
298 29 1.0
298 89 1.0
298 965 1.0
361 516 1.0
361 372 1.0
361 154 1.0
361 1288 1.0
361 806 1.0
361 1507 1.0
361 433 1.0
361 752 1.0
361 1331 1.0
361 1468 1.0
361 898 1.0
361 165 1.0
965 1187 1.0
965 509 1.0
965 546 1.0
965 141 1.0
965 1311 1.0
965 918 1.0
965 919 1.0
965 1398 1.0
965 892 1.0
965 221 1.0
965 1597 1.0
965 1596 1.0
965 1147 1.0
965 975 1.0
965 80 1.0
965 188 1.0
965 58 1.0
965 298 1.0
965 29 1.0
