0,0,0.0
0,1,0.25
0,2,0.38490023372138094
0,3,0.47247041266788625
0,4,0.5349922515622305
0,5,0.5823559651290149
0,6,0.6197314933330955
0,7,0.6501225412742355
0,8,0.6754096519386883
0,9,0.6968373240533455
0,10,0.7152667825618957
0,11,0.7313142980415215
0,12,0.7454341646516746
0,13,0.7579693120566577
0,14,0.7691840451325209
0,15,0.7792855543207644
0,16,0.7884389699356917
0,17,0.7967772659891564
0,18,0.8044093770768459
0,19,0.8114250833849974
0,20,0.8178991200280893
0,21,0.8238947383028217
0,22,0.8294651222686407
0,23,0.8346557990637378
0,24,0.8395058718790919
0,25,0.8440491312553843
0,26,0.8483149814003379
0,27,0.852329051130514
0,28,0.8561138832891069
0,29,0.8596893179498439
0,30,0.8630729494776799
0,31,0.8662804030347222
0,32,0.8693256228601324
0,33,0.8722212030012176
0,34,0.8749780892247214
0,35,0.8776065069187209
0,36,0.8801155572382602
0,37,0.882513490416968
0,38,0.8848078226995534
0,39,0.8870053651645978
0,40,0.8891123355791839
0,41,0.8911344282821116
0,42,0.8930768579775016
0,43,0.8949444074130234
0,44,0.8967414852076574
0,45,0.8984719235796885
0,46,0.9001399149098239
0,47,0.9017487145474186
0,48,0.9033015160926146
0,49,0.9048013106456099
0,50,0.9062508460290595
1,0,0.25
1,1,0.1924501995251061
1,2,0.27151995094875564
1,3,0.34690978309326953
1,4,0.4094247489680173
1,5,0.46077832777491756
1,6,0.5034191496502105
1,7,0.5393250093193526
1,8,0.5699710580741006
1,9,0.5964498198520894
1,10,0.6195635280452234
1,11,0.6399390184396248
1,12,0.6580436535825143
1,13,0.6742496442494534
1,14,0.6888493380923992
1,15,0.7020764594317892
1,16,0.7141232847873129
1,17,0.7251449519505865
1,18,0.7352716312566299
1,19,0.7446125336777831
1,20,0.7532555633768956
1,21,0.7612815879658108
1,22,0.7687572986164477
1,23,0.7757346006829053
1,24,0.782267185971115
1,25,0.7883968971687274
1,26,0.7941609952939501
1,27,0.7995918548133422
1,28,0.8047195894624286
1,29,0.8095678026320785
1,30,0.8141641359399692
1,31,0.8185187679952698
1,32,0.8226631084581317
1,33,0.8266001041558046
1,34,0.8303542898778957
1,35,0.8339370614087698
1,36,0.8373564411715189
1,37,0.8406276593643248
1,38,0.8437588454447704
1,39,0.8467593825000763
1,40,0.849637255743893
1,41,0.8523999374066203
1,42,0.8550548202157151
1,43,0.8576094336803647
1,44,0.8600657015147217
1,45,0.8624335416618527
1,46,0.8647153596824995
1,47,0.8669170356493481
1,48,0.8690425062175021
1,49,0.8710955301386705
1,50,0.8730808127857902
2,0,0.38490023372138144
2,1,0.27151995094875564
2,2,0.2934983347661825
2,3,0.3376678445870631
2,4,0.38258202327523005
2,5,0.42372815961226096
2,6,0.4603920174844278
2,7,0.4928551265495721
2,8,0.5216172273489034
2,9,0.5472098255505914
2,10,0.5700906880355947
2,11,0.5906529811914676
2,12,0.6092243847970796
2,13,0.6260789537549201
2,14,0.6414439084089096
2,15,0.6555097262505098
2,16,0.6684367900624066
2,17,0.6803580140879012
2,18,0.6913897477908897
2,19,0.701630341072301
2,20,0.7111615650834637
2,21,0.7200580940926141
2,22,0.7283819128315612
2,23,0.7361874574490979
2,24,0.743523753264953
2,25,0.7504322090606133
2,26,0.756950355800144
2,27,0.7631110855554695
2,28,0.7689440646568407
2,29,0.7744750111322816
2,30,0.7797269803762095
2,31,0.7847219716587301
2,32,0.7894787586423391
2,33,0.7940141146450852
2,34,0.7983440609467677
2,35,0.8024815289189964
2,36,0.8064402283381606
2,37,0.8102319168993491
2,38,0.8138670038354099
2,39,0.8173551344023844
2,40,0.8207052864310291
2,41,0.8239285781864231
2,42,0.827024600188255
2,43,0.8300086407897719
2,44,0.8328827907177891
2,45,0.8356548333894974
2,46,0.8383308298427187
2,47,0.8409131432245569
2,48,0.843409220002583
2,49,0.8458224157570811
2,50,0.8481571267543668
3,0,0.47247041266788614
3,1,0.34690978309327336
3,2,0.3376678445870629
3,3,0.35968958418542885
3,4,0.3895151275339853
3,5,0.4202611492845623
3,6,0.4496437896960874
3,7,0.47694175162189123
3,8,0.5020174813515503
3,9,0.5249615195454211
3,10,0.5459457027438374
3,11,0.5651579602563954
3,12,0.5827887644597483
3,13,0.5990068093827539
3,14,0.6139666434690989
3,15,0.6278030261271061
3,16,0.6406347349951026
3,17,0.6525655605287959
3,18,0.663696951935721
3,19,0.6740758892072951
3,20,0.6838048739182412
3,21,0.6929343280528075
3,22,0.7015185664244286
3,23,0.7096053034001127
3,24,0.7172373267526968
3,25,0.7244521582145331
3,26,0.731283739943897
3,27,0.7377628645565795
3,28,0.7439150260136751
3,29,0.7497666365385429
3,30,0.755338615647013
3,31,0.7606509986766934
3,32,0.7657223293840105
3,33,0.7705681811850704
3,34,0.7752042522453064
3,35,0.7796440848770699
3,36,0.7839001161318422
3,37,0.7879833283326733
3,38,0.791905025086519
3,39,0.7956745650897318
3,40,0.7993003891235958
3,41,0.802791230081566
3,42,0.8061544224675585
3,43,0.8093966594272574
3,44,0.812525204344335
3,45,0.8155463400420233
3,46,0.8184638540946563
3,47,0.8212857473587118
3,48,0.8240143403233338
3,49,0.826657451309285
3,50,0.82921344911417
4,0,0.5349922515622292
4,1,0.40942474896801784
4,2,0.38258202327523005
4,3,0.3895151275339858
4,4,0.40786594650845354
4,5,0.4299814276413553
4,6,0.45283692860685565
4,7,0.4751543274347438
4,8,0.4963966660521526
4,9,0.5163691156532936
4,10,0.5350361737417269
4,11,0.552436638972359
4,12,0.568645328853351
4,13,0.5837487580589922
4,14,0.597836256828032
4,15,0.610994220314136
4,16,0.6233026638759571
4,17,0.6348356916641785
4,18,0.645660368273182
4,19,0.6558376702205732
4,20,0.6654218799244684
4,21,0.6744626940586983
4,22,0.6830041184531067
4,23,0.6910860555864446
4,24,0.6987451955966995
4,25,0.706011948482099
4,26,0.7129178708456123
4,27,0.7194867652070309
4,28,0.7257485330682119
4,29,0.7317146228322698
4,30,0.7374138683074891
4,31,0.7428614141972207
4,32,0.7480742741012746
4,33,0.7530657247349062
4,34,0.7578526645248622
4,35,0.7624445234577995
4,36,0.7668583187168125
4,37,0.7710946662353448
4,38,0.7751733879006382
4,39,0.7790998292404573
4,40,0.7828831576184305
4,41,0.7865304799784416
4,42,0.7900497562692399
4,43,0.7934476622801806
4,44,0.7967302041113159
4,45,0.7999030608339048
4,46,0.8029728442136638
4,47,0.8059430159237497
4,48,0.8088198473405377
4,49,0.8116073536674953
4,50,0.8143093702719439
5,0,0.5823559651290162
5,1,0.46077832777491706
5,2,0.42372815961226074
5,3,0.42026114928456226
5,4,0.42998142764135505
5,5,0.44518848566059
5,6,0.46254375824001115
5,7,0.48046084370397135
5,8,0.4981707923797575
5,9,0.5152895481585366
5,10,0.5316378221563265
5,11,0.5471472557481264
5,12,0.5618044266634379
5,13,0.5756332166404405
5,14,0.5886709913405788
5,15,0.6009625216302302
5,16,0.6125567510589642
5,17,0.6235008074816608
5,18,0.6338413745369808
5,19,0.6436215870856804
5,20,0.6528828556106123
5,21,0.6616626071661357
5,22,0.6700281059751172
5,23,0.6779131008892477
5,24,0.6854455341261593
5,25,0.6926188284212984
5,26,0.6994583899414563
5,27,0.7060341491850118
5,28,0.712222162104162
5,29,0.7181871925055459
5,30,0.723896088676395
5,31,0.7293666439920662
5,32,0.7346134480172326
5,33,0.7396494810294771
5,34,0.7444870138397117
5,35,0.7491387445259106
5,36,0.753614905692113
5,37,0.7579237111672295
5,38,0.7620763196386067
5,39,0.7660818410857554
5,40,0.7699447588483663
5,41,0.7736756356456088
5,42,0.7772805363940949
5,43,0.7807650606057394
5,44,0.7841363523540945
5,45,0.7873986591631641
5,46,0.7905586435088651
5,47,0.7936199310058989
5,48,0.7965878763103943
5,49,0.7994673255526835
5,50,0.802259949816229
6,0,0.6197314933330953
6,1,0.5034191496502098
6,2,0.4603920174844277
6,3,0.44964378969608726
6,4,0.45283692860685587
6,5,0.4625437582400109
6,6,0.4753274659132408
6,7,0.48947041869907176
6,8,0.5040509557748214
6,9,0.518567133920637
6,10,0.5327418919332831
6,11,0.5464283266660771
6,12,0.5595532296496935
6,13,0.5720876269973223
6,14,0.5840292607821229
6,15,0.5953911308314062
6,16,0.6061941573393126
6,17,0.6164648596057385
6,18,0.6262424917540734
6,19,0.6355224519612647
6,20,0.6443685402489865
6,21,0.6527912012198853
6,22,0.6608223203611736
6,23,0.6684848149500788
6,24,0.6758007292147976
6,25,0.6827940639977487
6,26,0.6894834904730007
6,27,0.6958852244571103
6,28,0.7020197691618697
6,29,0.7079026938886221
6,30,0.71355081546825
6,31,0.7189702253027035
6,32,0.7241817109846983
6,33,0.7291945634108129
6,34,0.7340205476595745
6,35,0.7386687735123252
6,36,0.7431511491437971
6,37,0.7474709269493134
6,38,0.7516408510398727
6,39,0.7556693813720325
6,40,0.7595765612440297
6,41,0.7633260633214349
6,42,0.7669678614885747
6,43,0.7704940421926205
6,44,0.7739072622356622
6,45,0.7772159458750015
6,46,0.7804235649824122
6,47,0.7835353135124383
6,48,0.7865547413020766
6,49,0.7894863569706454
6,50,0.792334065869428
7,0,0.6501225412742357
7,1,0.5393250093193529
7,2,0.4928551265495724
7,3,0.47694175162189156
7,4,0.47515432743474384
7,5,0.4804608437039716
7,6,0.4894704186990721
7,7,0.5003984884569579
7,8,0.5122468048551452
7,9,0.5244387721123561
7,10,0.5366315842577638
7,11,0.5486231757750699
7,12,0.5602946038056187
7,13,0.5715786752554799
7,14,0.5824413106118465
7,15,0.592870624483889
7,16,0.6028650101746424
7,17,0.6124337304757883
7,18,0.6215899350911616
7,19,0.6303484503552907
7,20,0.6387299385490557
7,21,0.6467502103135967
7,22,0.6544292287332518
7,23,0.661784023148728
7,24,0.6688326512907832
7,25,0.6755919916063831
7,26,0.6820771265207755
7,27,0.6883042207246042
7,28,0.6942864075080677
7,29,0.700038116488841
7,30,0.7055710123238605
7,31,0.7108970239295052
7,32,0.7160274390835801
7,33,0.7209722298963718
7,34,0.7257412937608232
7,35,0.7303462242812899
7,36,0.7347876373843066
7,37,0.7390815085218556
7,38,0.7432316062459774
7,39,0.7472459641958376
7,40,0.7511312938826399
7,41,0.7548930645401343
7,42,0.7585374170959869
7,43,0.7620694826957233
7,44,0.7654946620568197
7,45,0.7688176430256781
7,46,0.7720430757476088
7,47,0.7751748177622076
7,48,0.7782172668935348
7,49,0.7811754453321142
7,50,0.7840496997680255
8,0,0.6754096519386894
8,1,0.5699710580741018
8,2,0.521617227348903
8,3,0.5020174813515499
8,4,0.4963966660521528
8,5,0.49817079237975803
8,6,0.5040509557748212
8,7,0.512246804855145
8,8,0.5217251111371027
8,9,0.5318595731149501
8,10,0.5422682268997542
8,11,0.5527092883778038
8,12,0.5630339951071326
8,13,0.5731358724894302
8,14,0.5829675936998953
8,15,0.592491883173776
8,16,0.6016919544721091
8,17,0.6105614256082175
8,18,0.6191001253872369
8,19,0.6273143306063681
8,20,0.6352133686198642
8,21,0.6428077480267385
8,22,0.6501077394663057
8,23,0.6571273765833816
8,24,0.6638784480866134
8,25,0.670373583676516
8,26,0.6766247913478165
8,27,0.6826438743125385
8,28,0.6884424425730638
8,29,0.6940303779979704
8,30,0.6994188605653711
8,31,0.7046176806923081
8,32,0.7096359992296244
8,33,0.7144820832912632
8,34,0.7191648511406437
8,35,0.723691841299174
8,36,0.728071763951207
8,37,0.7323079776447785
8,38,0.7364101427123245
8,39,0.7403840196561038
8,40,0.744235452149311
8,41,0.7479694061967892
8,42,0.7515909935328067
8,43,0.7551063527080792
8,44,0.7585183274676474
8,45,0.7618325024480432
8,46,0.7650535890640643
8,47,0.7681839633709293
8,48,0.7712270723075805
8,49,0.7741880830369725
8,50,0.7770703587045091
9,0,0.6968373240533455
9,1,0.5964498198520907
9,2,0.5472098255505906
9,3,0.5249615195454215
9,4,0.5163691156532935
9,5,0.5152895481585363
9,6,0.5185671339206368
9,7,0.5244387721123558
9,8,0.53185957311495
9,9,0.5401821397929942
9,10,0.5489949482451965
9,11,0.5580297761068582
9,12,0.5671108556306481
9,13,0.5761191460291104
9,14,0.5849806341526144
9,15,0.5936453352688493
9,16,0.6020808682472302
9,17,0.6102696303634968
9,18,0.6182024728711171
9,19,0.6258763870199265
9,20,0.6332914835102832
9,21,0.6404517717882283
9,22,0.6473641478827321
9,23,0.6540359065320942
9,24,0.6604744387705912
9,25,0.6666889323114776
9,26,0.6726878025987124
9,27,0.678479920404627
9,28,0.6840744238808462
9,29,0.6894793720447023
9,30,0.6947033531768751
9,31,0.6997534995970666
9,32,0.7046386013153862
9,33,0.7093655884401284
9,34,0.713941311272432
9,35,0.7183722983818637
9,36,0.7226660976352838
9,37,0.7268265579391868
9,38,0.7308694977175251
9,39,0.7347749442496014
9,40,0.7385731945322114
9,41,0.7422598899867869
9,42,0.745842055217683
9,43,0.749321337178521
9,44,0.7527030841812898
9,45,0.7559904946308305
9,46,0.7591914316982553
9,47,0.7623007299006415
9,48,0.7653298722960411
9,49,0.768279440117992
9,50,0.7711524543774195
10,0,0.7152667825618929
10,1,0.6195635280452223
10,2,0.5700906880355938
10,3,0.5459457027438368
10,4,0.5350361737417271
10,5,0.5316378221563267
10,6,0.5327418919332829
10,7,0.5366315842577642
10,8,0.5422682268997545
10,9,0.548994948245197
10,10,0.5563835442954866
10,11,0.5641477994431032
10,12,0.5720949606031117
10,13,0.5800925812469437
10,14,0.5880501299012504
10,15,0.5959048054889464
10,16,0.6036148432644904
10,17,0.6111524427217897
10,18,0.6184996042264714
10,19,0.6256455343709654
10,20,0.6325844233452751
10,21,0.6393164444376108
10,22,0.6458410977871862
10,23,0.6521628740865089
10,24,0.6582826869160774
10,25,0.6642087857720399
10,26,0.6699462300012984
10,27,0.6755016747983831
10,28,0.6808802835915021
10,29,0.6860897741615728
10,30,0.6911357204103314
10,31,0.6960248176483992
10,32,0.700763181696324
10,33,0.7053566667884864
10,34,0.7098112210617078
10,35,0.7141324976581234
10,36,0.7183262159383026
10,37,0.722395535184724
10,38,0.726348893129273
10,39,0.7301881091125387
10,40,0.7339237328169597
10,41,0.7375470405883162
10,42,0.741072865787998
10,43,0.7445034085701616
10,44,0.7478406253882345
10,45,0.7510908162637833
10,46,0.7542540683806271
10,47,0.7573358700075115
10,48,0.7603379225904867
10,49,0.7632647580693032
10,50,0.7661173832246836
11,0,0.7313142980415201
11,1,0.6399390184396236
11,2,0.5906529811914667
11,3,0.5651579602563952
11,4,0.5524366389723585
11,5,0.5471472557481267
11,6,0.5464283266660772
11,7,0.5486231757750701
11,8,0.5527092883778038
11,9,0.5580297761068583
11,10,0.5641477994431041
11,11,0.5707672805873344
11,12,0.5776831892198002
11,13,0.5847521341591898
11,14,0.5918703915891932
11,15,0.5989688184528397
11,16,0.6059964013068246
11,17,0.612914555729092
11,18,0.6197017944289789
11,19,0.6263411360803809
11,20,0.632817846960163
11,21,0.6391298259372569
11,22,0.6452728797198237
11,23,0.6512470874711381
11,24,0.6570495807236325
11,25,0.6626867565237307
11,26,0.668160589875368
11,27,0.67347361002227
11,28,0.6786319079965722
11,29,0.6836388519113884
11,30,0.6885003746266671
11,31,0.6932257710598595
11,32,0.6978021701130536
11,33,0.7022544942825817
11,34,0.706576746115344
11,35,0.7107787296628139
11,36,0.7148627509690186
11,37,0.7188324378394859
11,38,0.7226944924145943
11,39,0.726448185475876
11,40,0.7301019597038305
11,41,0.7336584026600652
11,42,0.7371203161542417
11,43,0.7404939303605164
11,44,0.7437764482726281
11,45,0.7469766859866953
11,46,0.7500959527872564
11,47,0.7531372645733486
11,48,0.7561008250725099
11,49,0.7589972542469291
11,50,0.7618196288615331
12,0,0.7454341646516744
12,1,0.6580436535825127
12,2,0.6092243847970797
12,3,0.582788764459748
12,4,0.5686453288533495
12,5,0.5618044266634381
12,6,0.5595532296496935
12,7,0.560294603805618
12,8,0.5630339951071326
12,9,0.5671108556306481
12,10,0.5720949606031118
12,11,0.5776831892198004
12,12,0.5836608631817579
12,13,0.5898773937353189
12,14,0.5962220798336695
12,15,0.6026163635328258
12,16,0.6090023956982453
12,17,0.6153382522824999
12,18,0.6215929327966209
12,19,0.6277469837947085
12,20,0.6337811008687607
12,21,0.639687607755099
12,22,0.6454593727593982
12,23,0.6510920779373373
12,24,0.6565839533841376
12,25,0.6619348912898707
12,26,0.6671448756063816
12,27,0.6722171315814713
12,28,0.6771523433857591
12,29,0.681954944211944
12,30,0.6866267035984989
12,31,0.6911727139327287
12,32,0.6955949270796675
12,33,0.6998965132223983
12,34,0.7040850544773852
12,35,0.708160687735631
12,36,0.7121284174868814
12,37,0.7159908544322846
12,38,0.7197656187201844
12,39,0.723432012097361
12,40,0.7269853648004618
12,41,0.7304644941550091
12,42,0.7338540557543834
12,43,0.7371593435481971
12,44,0.7403826364820112
12,45,0.7435266282854041
12,46,0.7465962840453813
12,47,0.7495874389381316
12,48,0.7525096380807715
12,49,0.7553716790693672
12,50,0.758145805751774
13,0,0.7579693120566539
13,1,0.6742496442494519
13,2,0.6260789537549194
13,3,0.5990068093827536
13,4,0.5837487580589924
13,5,0.575633216640441
13,6,0.5720876269973219
13,7,0.5715786752554798
13,8,0.5731358724894308
13,9,0.5761191460291112
13,10,0.5800925812469442
13,11,0.5847521341591895
13,12,0.5898773937353193
13,13,0.5953131515342711
13,14,0.6009440390359474
13,15,0.6066851152841541
13,16,0.6124726246787472
13,17,0.6182601360963875
13,18,0.6240124135128889
13,19,0.6297042137105533
13,20,0.6353149709936952
13,21,0.6408320687332447
13,22,0.6462455102035074
13,23,0.6515481922164474
13,24,0.6567362806487721
13,25,0.6618060286322764
13,26,0.6667573026707716
13,27,0.6715895041235036
13,28,0.6763018194697201
13,29,0.6808997386853932
13,30,0.6853840203246273
13,31,0.6897547930311323
13,32,0.6940140555161409
13,33,0.6981668561521559
13,34,0.7022151800926538
13,35,0.7061596391456748
13,36,0.7100064226865257
13,37,0.7137579259806661
13,38,0.7174184716149185
13,39,0.7209878116762133
13,40,0.7244705668170344
13,41,0.7278690795091118
13,42,0.7311871543632656
13,43,0.7344261682283655
13,44,0.73758881151554
13,45,0.7406786573727835
13,46,0.7436975532487695
13,47,0.7466475190444227
13,48,0.7495308976725555
13,49,0.752349091544301
13,50,0.7985791880987835
14,0,0.7691840451325186
14,1,0.6888493380923983
14,2,0.6414439084089099
14,3,0.6139666434690985
14,4,0.5978362568280322
14,5,0.5886709913405788
14,6,0.5840292607821223
14,7,0.5824413106118461
14,8,0.5829675936998955
14,9,0.5849806341526144
14,10,0.588050129901251
14,11,0.5918703915891934
14,12,0.5962220798336695
14,13,0.6009440390359471
14,14,0.6059172479432422
14,15,0.6110507341875354
14,16,0.6162821847883315
14,17,0.6215560321848592
14,18,0.6268348410648921
14,19,0.6320888577100308
14,20,0.6372968552258085
14,21,0.6424417349556318
14,22,0.6475107343144904
14,23,0.6524953724518261
14,24,0.6573894129310862
14,25,0.6621848687416665
14,26,0.6668830351490695
14,27,0.6714803489375165
14,28,0.6759765773981441
14,29,0.6803713446178065
14,30,0.6846656670271125
14,31,0.6888603978661669
14,32,0.6929575852498022
14,33,0.6969575156508883
14,34,0.7008633605610423
14,35,0.7046777702279978
14,36,0.7084007925267579
14,37,0.7120367449075378
14,38,0.7155873991274482
14,39,0.7190553948967219
14,40,0.722441396065449
14,41,0.7257502555848365
14,42,0.7289830395472823
14,43,0.732142596114093
14,44,0.7352310006966295
14,45,0.7322301694192059
14,46,0.738778757142994
14,47,0.746110937002425
14,48,0.754205647048219
14,49,0.7630232461629387
14,50,0.7724958711868966
15,0,0.7792855543207633
15,1,0.7020764594317865
15,2,0.6555097262505103
15,3,0.6278030261271056
15,4,0.6109942203141366
15,5,0.6009625216302299
15,6,0.5953911308314062
15,7,0.5928706244838893
15,8,0.5924918831737744
15,9,0.5936453352688492
15,10,0.5959048054889463
15,11,0.5989688184528397
15,12,0.6026163635328259
15,13,0.606685115284154
15,14,0.6110507341875355
15,15,0.6156266328776403
15,16,0.6203379456861483
15,17,0.6251295999978203
15,18,0.6299628037063545
15,19,0.6348043910249886
15,20,0.6396298943711496
15,21,0.6444200530017531
15,22,0.6491596505265227
15,23,0.653837246968632
15,24,0.6584465771134723
15,25,0.6629791351657406
15,26,0.6674311492328153
15,27,0.6717994926887754
15,28,0.6760824385696791
15,29,0.6802793229465876
15,30,0.6843870749118943
15,31,0.6884077210005999
15,32,0.6923433516692862
15,33,0.6972724588624946
15,34,0.7000867461345366
15,35,0.7036382159780781
15,36,0.707240061402199
15,37,0.7107580296875795
15,38,0.7141994490745661
15,39,0.7082120211269491
15,40,0.7093209799247177
15,41,0.7105703846267017
15,42,0.7120963974449152
15,43,0.7140309645395247
15,44,0.7165025965847588
15,45,0.7195863218028482
15,46,0.7233948025347896
15,47,0.7279854644649009
15,48,0.7334083695059757
15,49,0.7396946877786792
15,50,0.7468587291297739
16,0,0.7884389699356895
16,1,0.7141232847873096
16,2,0.6684367900624075
16,3,0.6406347349951027
16,4,0.6233026638759565
16,5,0.6125567510589638
16,6,0.6061941573393113
16,7,0.6028650101746419
16,8,0.6016919544721092
16,9,0.6020808682472317
16,10,0.6036148432644903
16,11,0.6059964013068246
16,12,0.6090023956982453
16,13,0.6124726246787477
16,14,0.61628218478833
16,15,0.6203379456861483
16,16,0.6245640501845633
16,17,0.6289069559658593
16,18,0.6333218348040908
16,19,0.6377740983966276
16,20,0.6422374459192941
16,21,0.6466903757253913
16,22,0.6511154787392668
16,23,0.6555007824524606
16,24,0.6598379757682147
16,25,0.6641138214131007
16,26,0.6683278089583893
16,27,0.6724729336662181
16,28,0.6765487791051562
16,29,0.6805500281095671
16,30,0.6844763661469163
16,31,0.6883272552853256
16,32,0.6921023899966294
16,33,0.6958014433507778
16,34,0.7025200506937971
16,35,0.705623378872178
16,36,0.7081842238108861
16,37,0.7101793193570045
16,38,0.7116310194050619
16,39,0.7126015476924727
16,40,0.713190749452917
16,41,0.7135157109092025
16,42,0.7137512156134975
16,43,0.7140193462063983
16,44,0.714483721551069
16,45,0.7152880692714592
16,46,0.7165661701301553
16,47,0.7184332628528354
16,48,0.7209900073639596
16,49,0.7243220877368003
16,50,0.7284925369109901
17,0,0.7967772659891539
17,1,0.7251449519505859
17,2,0.6803580140879006
17,3,0.6525655605287954
17,4,0.6348356916641786
17,5,0.623500807481661
17,6,0.6164648596057378
17,7,0.6124337304757885
17,8,0.6105614256082175
17,9,0.6102696303634967
17,10,0.6111524427217905
17,11,0.6129145557290916
17,12,0.6153382522824999
17,13,0.618260136096388
17,14,0.6215560321848596
17,15,0.6251295999978198
17,16,0.6289069559658584
17,17,0.6328297573608508
17,18,0.6368525131998628
17,19,0.6409380390234205
17,20,0.6450509944976417
17,21,0.6491927856911873
17,22,0.6533172109269958
17,23,0.6574227416473353
17,24,0.6614962634735057
17,25,0.6655271940813394
17,26,0.6695125550252602
17,27,0.6734415464656612
17,28,0.6773033166456215
17,29,0.6811276744141441
17,30,0.6848769903205669
17,31,0.6885469146111378
17,32,0.6921781350661287
17,33,0.6989442637350187
17,34,0.7032413927767348
17,35,0.7072483791083033
17,36,0.7108197125734725
17,37,0.7138593050348867
17,38,0.716280702443767
17,39,0.7180455429378955
17,40,0.7191663024906267
17,41,0.719679592849803
17,42,0.7196990984203399
17,43,0.7193469481056611
17,44,0.7187735507589813
17,45,0.718141178092834
17,46,0.7176132097550871
17,47,0.7173456315578309
17,48,0.7174836172074768
17,49,0.7181554271276569
17,50,0.7194741968776597
18,0,0.8044093770768448
18,1,0.7352716312566272
18,2,0.6913897477908899
18,3,0.6636969519357208
18,4,0.6456603682731815
18,5,0.6338413745369811
18,6,0.6262424917540732
18,7,0.6215899350911608
18,8,0.6191001253872368
18,9,0.6182024728711175
18,10,0.6184996042264717
18,11,0.6197017944289787
18,12,0.6215929327966208
18,13,0.6240124135128879
18,14,0.6268348410648921
18,15,0.6299628037063542
18,16,0.6333218348040905
18,17,0.6368525131998626
18,18,0.6405069902991494
18,19,0.6442472897270598
18,20,0.6480443658609195
18,21,0.6518738062575304
18,22,0.655714762303367
18,23,0.6595725959642142
18,24,0.6633759831690623
18,25,0.6671732829013913
18,26,0.6709360306920935
18,27,0.6746587805058246
18,28,0.6783378187910147
18,29,0.6819643514822182
18,30,0.6855401917449289
18,31,0.6889325704847498
18,32,0.6931915592907568
18,33,0.6976379136632522
18,34,0.7021963172106336
18,35,0.7067528482047156
18,36,0.7111652724649233
18,37,0.715278804142627
18,38,0.7189382874801845
18,39,0.7220105734095698
18,40,0.7243926183608299
18,41,0.7260267578628772
18,42,0.7269050402303354
18,43,0.727072792546342
18,44,0.7266197282571423
18,45,0.7256744477947046
18,46,0.7243923897338965
18,47,0.7229435978989455
18,48,0.7215004029354153
18,49,0.720230425726192
18,50,0.7192913752527024
19,0,0.811425083384994
19,1,0.7446125336777802
19,2,0.7016303410723013
19,3,0.6740758892072958
19,4,0.6558376702205724
19,5,0.6436215870856805
19,6,0.6355224519612642
19,7,0.6303484503552901
19,8,0.6273143306063682
19,9,0.6258763870199266
19,10,0.6256455343709647
19,11,0.6263411360803806
19,12,0.6277469837947083
19,13,0.6297042137105534
19,14,0.632088857710031
19,15,0.6348043910249878
19,16,0.6377740983966276
19,17,0.6409380390234203
19,18,0.6442472897270599
19,19,0.6476633077784337
19,20,0.6511551372795743
19,21,0.654696730011924
19,22,0.6582694354266075
19,23,0.6618508318916305
19,24,0.6655844921840607
19,25,0.6690569302733275
19,26,0.6725564583531092
19,27,0.6760796368680826
19,28,0.6786767045131725
19,29,0.6817726311762076
19,30,0.6849612053264696
19,31,0.6883393390154117
19,32,0.6919831842068367
19,33,0.6959374361686425
19,34,0.7001995187963865
19,35,0.7047298422845419
19,36,0.7094264479306334
19,37,0.7141611549389377
19,38,0.7187702626575894
19,39,0.7230771933542024
19,40,0.7269085730900436
19,41,0.7300986138004897
19,42,0.7325417005538026
19,43,0.7341287194493069
19,44,0.7348654394916834
19,45,0.7347751200892179
19,46,0.7339434668652772
19,47,0.7324942322086108
19,48,0.7305948041612254
19,49,0.7284087572892225
19,50,0.7261309486397429
20,0,0.817899120028087
20,1,0.7532555633768886
20,2,0.7111615650834642
20,3,0.6838048739182421
20,4,0.6654218799244681
20,5,0.6528828556106118
20,6,0.6443685402489862
20,7,0.6387299385490552
20,8,0.6352133686198634
20,9,0.633291483510283
20,10,0.6325844233452751
20,11,0.6328178469601626
20,12,0.6337811008687599
20,13,0.6353149709936965
20,14,0.6372968552258075
20,15,0.6396298943711501
20,16,0.6422374459192939
20,17,0.6450509944976418
20,18,0.6480443658609183
20,19,0.6511551372795745
20,20,0.6543579370348834
20,21,0.6576275549390547
20,22,0.6609420562902902
20,23,0.6642838343758732
20,24,0.6676389152151863
20,25,0.6713361109384574
20,26,0.6746158427046862
20,27,0.6777051520651942
20,28,0.6805964958273811
20,29,0.6833352041292391
20,30,0.6860079675597113
20,31,0.6887303724140228
20,32,0.6916260160435779
20,33,0.6948065896352487
20,34,0.6983515269012596
20,35,0.7023025269448938
20,36,0.7066490189033532
20,37,0.7113304799298472
20,38,0.7162379554700535
20,39,0.7212209259880862
20,40,0.7260984071278669
20,41,0.7306723581538872
20,42,0.7347462437419646
20,43,0.738138466655416
20,44,0.7407062380877862
20,45,0.742350180327642
20,46,0.7430324060752339
20,47,0.7427736427596561
20,48,0.7416509699096109
20,49,0.7397877042947698
20,50,0.7373482289167748
21,0,0.8238947383028165
21,1,0.7612815879658079
21,2,0.7200580940926136
21,3,0.6929343280528064
21,4,0.6744626940586976
21,5,0.6616626071661356
21,6,0.6527912012198852
21,7,0.6467502103135964
21,8,0.6428077480267382
21,9,0.6404517717882278
21,10,0.6393164444376107
21,11,0.6391298259372566
21,12,0.6396876077550993
21,13,0.6408320687332445
21,14,0.6424417349556311
21,15,0.6444200530017528
21,16,0.6466903757253911
21,17,0.6491927856911872
21,18,0.6518738062575304
21,19,0.6546967300119234
21,20,0.6576275549390551
21,21,0.6606397483065403
21,22,0.6637110263848581
21,23,0.6668218323118507
21,24,0.6699586033844973
21,25,0.673532860800554
21,26,0.676845561486912
21,27,0.6800009900442299
21,28,0.6829011545732318
21,29,0.6855442819057047
21,30,0.6879579499933235
21,31,0.6902284188862684
21,32,0.6924829428485781
21,33,0.6948679055458298
21,34,0.6975244853466661
21,35,0.7005684912456354
21,36,0.7040902968207012
21,37,0.7081038126457486
21,38,0.7125999671982771
21,39,0.7175011116955581
21,40,0.7226828318653647
21,41,0.7279765870909598
21,42,0.7331847867609897
21,43,0.7380906748080882
21,44,0.7425200675029116
21,45,0.7461395992011832
21,46,0.7489155655765026
21,47,0.7506872720778841
21,48,0.7513969361077549
21,49,0.7510528754483488
21,50,0.7497213817843499
22,0,0.8294651222686366
22,1,0.7687572986164443
22,2,0.7283819128315608
22,3,0.7015185664244278
22,4,0.6830041184531062
22,5,0.6700281059751173
22,6,0.6608223203611739
22,7,0.6544292287332523
22,8,0.6501077394663058
22,9,0.6473641478827326
22,10,0.6458410977871862
22,11,0.6452728797198242
22,12,0.6454593727593976
22,13,0.6462455102035064
22,14,0.6475107343144892
22,15,0.6491596505265224
22,16,0.6511154787392662
22,17,0.6533172109269952
22,18,0.6557147623033668
22,19,0.658269435426607
22,20,0.6609420562902895
22,21,0.6637110263848587
22,22,0.6665504544906199
22,23,0.669442670746607
22,24,0.6723216927166414
22,25,0.6755625511620136
22,26,0.678874012169768
22,27,0.6821309913038076
22,28,0.6852036209146266
22,29,0.687990613845526
22,30,0.6904433076588086
22,31,0.692578885846747
22,32,0.6944815838820189
22,33,0.6962874247392442
22,34,0.6981507230241562
22,35,0.7002473778569597
22,36,0.7027282572959058
22,37,0.7057064890145512
22,38,0.7092606145958629
22,39,0.7134091388475858
22,40,0.7181165074753364
22,41,0.723295715849374
22,42,0.7288049209795642
22,43,0.734465069498268
22,44,0.7400593037725891
22,45,0.7453532705415019
22,46,0.7501110966681017
22,47,0.7541092114787189
22,48,0.7571625809022217
22,49,0.7591332067981384
22,50,0.7599465847895148
23,0,0.8346557990637336
23,1,0.7757346006829028
23,2,0.7361874574490987
23,3,0.7096053034001131
23,4,0.6910860555864429
23,5,0.6779131008892474
23,6,0.668484814950079
23,7,0.6617840231487278
23,8,0.6571273765833807
23,9,0.6540359065320932
23,10,0.6521628740865086
23,11,0.6512470874711385
23,12,0.6510920779373377
23,13,0.6515481922164483
23,14,0.6524953724518261
23,15,0.6538372469686313
23,16,0.6555007824524597
23,17,0.6574227416473339
23,18,0.6595725959642138
23,19,0.6618508318916303
23,20,0.6642838343758733
23,21,0.6668218323118513
23,22,0.6694426707466061
23,23,0.6717645681372884
23,24,0.6744947701273503
23,25,0.6774696129022099
23,26,0.6806559111052206
23,27,0.6839494902327891
23,28,0.6872025194771532
23,29,0.6902580795818116
23,30,0.6929844773685784
23,31,0.6953067008186414
23,32,0.6972228118519861
23,33,0.6988046653436271
23,34,0.7001865672016039
23,35,0.7015430184182398
23,36,0.7030643108873785
23,37,0.7049320244776341
23,38,0.707300728276393
23,39,0.7102824726198985
23,40,0.713939257032582
23,41,0.7182787501677999
23,42,0.7232534135360589
23,43,0.7287602991411051
23,44,0.7346476270749498
23,45,0.7407168769370159
23,46,0.7467467625259714
23,47,0.7524784393376162
23,48,0.7576603520130054
23,49,0.7620519168728666
23,50,0.7654445936875912
24,0,0.8395058718790886
24,1,0.7822671859711116
24,2,0.7435237532649535
24,3,0.7172373267526962
24,4,0.6987451955966986
24,5,0.6854455341261592
24,6,0.6758007292147974
24,7,0.6688326512907836
24,8,0.6638784480866138
24,9,0.6604744387705904
24,10,0.6582826869160767
24,11,0.6570495807236315
24,12,0.6565839533841377
24,13,0.6567362806487721
24,14,0.6573894129310862
24,15,0.6584465771134715
24,16,0.6598379757682145
24,17,0.6614962634735053
24,18,0.6633759831690627
24,19,0.6655844921840606
24,20,0.6676389152151868
24,21,0.6699586033844984
24,22,0.6723216927166413
24,23,0.6744947701273505
24,24,0.676816177067292
24,25,0.6793989320733869
24,26,0.6822912689710923
24,27,0.6854539658581331
24,28,0.6887689513042763
24,29,0.6920662748177692
24,30,0.6951639635981224
24,31,0.6978867771120802
24,32,0.700142579482167
24,33,0.7019008604421006
24,34,0.7032174257369814
24,35,0.7042217703573502
24,36,0.7050961387432826
24,37,0.7060470686847589
24,38,0.7072817765187205
24,39,0.7089883034563031
24,40,0.7113176008350806
24,41,0.7143641715704203
24,42,0.7181843230073646
24,43,0.7227705242807954
24,44,0.7280600349101465
24,45,0.7339389983513923
24,46,0.7402442198348618
24,47,0.7467683051181913
24,48,0.7532692914530468
24,49,0.7594815785529208
24,50,0.765135304112113
25,0,0.8440491312553784
25,1,0.7883968971687262
25,2,0.750432209060611
25,3,0.7244521582145322
25,4,0.7060119484820976
25,5,0.6926188284212973
25,6,0.6827940639977481
25,7,0.675591991606383
25,8,0.6703735836765157
25,9,0.6666889323114779
25,10,0.6642087857720396
25,11,0.6626867565237309
25,12,0.6619348912898706
25,13,0.6618060286322754
25,14,0.6621848687416667
25,15,0.6629791351657401
25,16,0.6641138214131013
25,17,0.6655271940813392
25,18,0.667173282901391
25,19,0.6690569302733268
25,20,0.671336110938457
25,21,0.6735328608005542
25,22,0.6755625511620138
25,23,0.6774696129022106
25,24,0.6793989320733864
25,25,0.6815212681182781
25,26,0.6839704925986019
25,27,0.6868005151708434
25,28,0.6899676291236417
25,29,0.693339049218241
25,30,0.6967247440623936
25,31,0.6999080092600038
25,32,0.7026959855389474
25,33,0.7049495078670756
25,34,0.7066181348205354
25,35,0.7077298766098163
25,36,0.7084109461677193
25,37,0.7088427684184383
25,38,0.7092458617715569
25,39,0.7098477263408525
25,40,0.7108662653268873
25,41,0.7124838449488975
25,42,0.7148363089599602
25,43,0.7180106622401641
25,44,0.7220534441653974
25,45,0.7269328465559317
25,46,0.732579205324342
25,47,0.7388678982544541
25,48,0.7456267978530491
25,49,0.7526361746452686
25,50,0.7596445959550772
26,0,0.8483149814003347
26,1,0.7941609952939458
26,2,0.7569503558001442
26,3,0.7312837399438956
26,4,0.7129178708456118
26,5,0.6994583899414559
26,6,0.6894834904730012
26,7,0.6820771265207731
26,8,0.6766247913478166
26,9,0.6726878025987122
26,10,0.6699462300012964
26,11,0.6681605898753682
26,12,0.667144875606382
26,13,0.6667573026707705
26,14,0.6668830351490691
26,15,0.6674311492328158
26,16,0.6683278089583881
26,17,0.6695125550252601
26,18,0.6709360306920934
26,19,0.6725564583531098
26,20,0.6746158427046862
26,21,0.6768455614869103
26,22,0.6788740121697674
26,23,0.6806559111052205
26,24,0.6822912689710927
26,25,0.6839704925986025
26,26,0.6858973943240448
26,27,0.6882243454203395
26,28,0.6910098516974393
26,29,0.694206099846926
26,30,0.6976664174586757
26,31,0.7011789628180778
26,32,0.7045005683379386
26,33,0.7074054550965638
26,34,0.7097237642260141
26,35,0.711364145176842
26,36,0.7123428648217465
26,37,0.7127629902002022
26,38,0.7128043556715753
26,39,0.7126979477976851
26,40,0.7126831426212777
26,41,0.7130143634673629
26,42,0.7138837805313752
26,43,0.7154822220473012
26,44,0.7179278708964545
26,45,0.7212936801983265
26,46,0.7255994734418145
26,47,0.7308137685809382
26,48,0.7368517965717551
26,49,0.7435813778130848
26,50,0.7508203629018964
27,0,0.8523290511305113
27,1,0.7995918548133378
27,2,0.7631110855554675
27,3,0.7377628645565797
27,4,0.7194867652070305
27,5,0.7060341491850117
27,6,0.69588522445711
27,7,0.6883042207246037
27,8,0.6826438743125385
27,9,0.6784799204046272
27,10,0.6755016747983831
27,11,0.6734736100222705
27,12,0.6722171315814713
27,13,0.6715895041235032
27,14,0.6714803489375163
27,15,0.6717994926887745
27,16,0.672472933666217
27,17,0.673441546465661
27,18,0.6746587805058248
27,19,0.6760796368680817
27,20,0.6777051520651941
27,21,0.6800009900442303
27,22,0.6821309913038072
27,23,0.6839494902327884
27,24,0.6854539658581336
27,25,0.6868005151708432
27,26,0.6882243454203392
27,27,0.689960150258
27,28,0.6921739812502066
27,29,0.6949285623237007
27,30,0.6981756345794883
27,31,0.7017520628968584
27,32,0.7054265654293739
27,33,0.7089328221727752
27,34,0.7120069245150014
27,35,0.714448692901736
27,36,0.7161358425233296
27,37,0.7170498717564286
27,38,0.7172768530688958
27,39,0.7169881908569085
27,40,0.7164160716036067
27,41,0.7158217078243172
27,42,0.71546676301482
27,43,0.715592176109191
27,44,0.7164020065476273
27,45,0.7180514131901423
27,46,0.7206495290062097
27,47,0.7242538008361823
27,48,0.7288686851086816
27,49,0.7344525303642434
27,50,0.7409127812917429
28,0,0.8561138832891009
28,1,0.8047195894624264
28,2,0.7689440646568404
28,3,0.7439150260136735
28,4,0.7257485330682119
28,5,0.7122221621041607
28,6,0.7020197691618684
28,7,0.694286407508067
28,8,0.6884424425730644
28,9,0.6840744238808465
28,10,0.6808802835915018
28,11,0.6786319079965718
28,12,0.6771523433857594
28,13,0.6763018194697199
28,14,0.6759765773981443
28,15,0.676082438569679
28,16,0.6765487791051555
28,17,0.6773033166456215
28,18,0.6783378187910147
28,19,0.6786767045131723
28,20,0.6805964958273816
28,21,0.6829011545732322
28,22,0.6852036209146268
28,23,0.6872025194771525
28,24,0.6887689513042768
28,25,0.6899676291236415
28,26,0.6910098516974386
28,27,0.6921739812502069
28,28,0.6937211387383624
28,29,0.6958321455738509
28,30,0.6985724922441713
28,31,0.701885182477058
28,32,0.705600192043544
28,33,0.7094668367163952
28,34,0.7131939116174644
28,35,0.7164913138243412
28,36,0.7191139312554301
28,37,0.7209165881471512
28,38,0.7218383231812524
28,39,0.7219441054298976
28,40,0.7213929236100616
28,41,0.7204060747690482
28,42,0.7192822718923513
28,43,0.718276714874695
28,44,0.7176607601715201
28,45,0.7176679436900602
28,46,0.7184857637180193
28,47,0.7202509469585596
28,48,0.7230572432335348
28,49,0.7269435630809915
28,50,0.731904000396236
29,0,0.8596893179498379
29,1,0.8095678026320754
29,2,0.7744750111322817
29,3,0.7497666365385427
29,4,0.7317146228322682
29,5,0.7181871925055452
29,6,0.7079026938886217
29,7,0.7000381164888407
29,8,0.6940303779979708
29,9,0.6894793720447024
29,10,0.6860897741615719
29,11,0.6836388519113891
29,12,0.6819549442119432
29,13,0.680899738685393
29,14,0.680371344617807
29,15,0.6802793229465869
29,16,0.6805500281095673
29,17,0.6811276744141441
29,18,0.6819643514822166
29,19,0.6817726311762085
29,20,0.6833352041292398
29,21,0.6855442819057049
29,22,0.6879906138455258
29,23,0.6902580795818107
29,24,0.6920662748177695
29,25,0.6933390492182414
29,26,0.6942060998469272
29,27,0.6949285623237013
29,28,0.6958321455738506
29,29,0.6971943640983156
29,30,0.6992097302107727
29,31,0.7019454020126574
29,32,0.7053383786469312
29,33,0.7092121388047421
29,34,0.713298225459124
29,35,0.717282792643905
29,36,0.7208309455554621
29,37,0.7237139064629556
29,38,0.7256906585621683
29,39,0.7266906825060488
29,40,0.7267507242545082
29,41,0.72600905480529
29,42,0.7246917483539441
29,43,0.723076338771969
29,44,0.7214586740245845
29,45,0.7201257945224995
29,46,0.7193350694984424
29,47,0.7193036972251643
29,48,0.7201310765553006
29,49,0.7221406618142026
29,50,0.7252013073433501
30,0,0.8630729494776757
30,1,0.8141641359399675
30,2,0.7797269803762091
30,3,0.7553386156470125
30,4,0.7374138683074883
30,5,0.723896088676395
30,6,0.7135508154682497
30,7,0.7055710123238605
30,8,0.6994188605653698
30,9,0.6947033531768754
30,10,0.6911357204103308
30,11,0.6885003746266674
30,12,0.6866267035984983
30,13,0.6853840203246269
30,14,0.6846656670271134
30,15,0.6843870749118944
30,16,0.6844763661469164
30,17,0.684876990320567
30,18,0.6855401917449284
30,19,0.6849612053264698
30,20,0.6860079675597113
30,21,0.6879579499933237
30,22,0.690443307658809
30,23,0.6929844773685794
30,24,0.6951639635981222
30,25,0.6967247440623932
30,26,0.6976664174586755
30,27,0.698175634579488
30,28,0.6985724922441712
30,29,0.6992097302107723
30,30,0.7003920056708115
30,31,0.7023186053535131
30,32,0.7050584389076429
30,33,0.7085446699395301
30,34,0.7125904160735486
30,35,0.7169181202114656
30,36,0.7211921135215484
30,37,0.7250643728777081
30,38,0.7282226089980501
30,39,0.7304391853248325
30,40,0.7315907710323715
30,41,0.7316778729967321
30,42,0.7308199734612753
30,43,0.7292336025865859
30,44,0.7271981255841524
30,45,0.7250179199864107
30,46,0.7230039980504976
30,47,0.7214372811560801
30,48,0.7205595129789433
30,49,0.720564859411096
30,50,0.7216022553993336
31,0,0.8662804030347191
31,1,0.8185187679952661
31,2,0.7847219716587289
31,3,0.7606509986766931
31,4,0.742861414197221
31,5,0.7293666439920659
31,6,0.7189702253027035
31,7,0.7108970239295047
31,8,0.7046176806923075
31,9,0.6997534995970669
31,10,0.6960248176483992
31,11,0.6932257710598588
31,12,0.6911727139327286
31,13,0.6897547930311323
31,14,0.688860397866167
31,15,0.6884077210005997
31,16,0.6883272552853252
31,17,0.6885469146111378
31,18,0.68893257048475
31,19,0.6883393390154118
31,20,0.6887303724140219
31,21,0.6902284188862686
31,22,0.6925788858467479
31,23,0.6953067008186407
31,24,0.6978867771120807
31,25,0.6999080092600047
31,26,0.7011789628180785
31,27,0.7017520628968589
31,28,0.7018851824770584
31,29,0.7019454020126574
31,30,0.7023186053535138
31,31,0.7033249600169975
31,32,0.7051693224267666
31,33,0.7079206478099537
31,34,0.7115091796865345
31,35,0.7157403586254503
31,36,0.7203253817184678
31,37,0.7249121013717682
31,38,0.7291115451520206
31,39,0.7326657423598161
31,40,0.735142907726464
31,41,0.7365133190465518
31,42,0.7367047127969223
31,43,0.7358083980908716
31,44,0.73402681191308
31,45,0.7316360016662722
31,46,0.7289541720926875
31,47,0.7263049097579983
31,48,0.7239925216220333
31,49,0.7222866517197201
31,50,0.7214000545259969
32,0,0.8693256228601308
32,1,0.8226631084581284
32,2,0.7894787586423386
32,3,0.7657223293840101
32,4,0.7480742741012751
32,5,0.7346134480172323
32,6,0.7241817109846982
32,7,0.7160274390835801
32,8,0.7096359992296241
32,9,0.7046386013153865
32,10,0.7007631816963247
32,11,0.6978021701130531
32,12,0.6955949270796672
32,13,0.6940140555161403
32,14,0.6929575852498019
32,15,0.692343351669287
32,16,0.6921023899966285
32,17,0.6921781350661291
32,18,0.6931915592907574
32,19,0.6919831842068364
32,20,0.6916260160435779
32,21,0.6924829428485779
32,22,0.6944815838820191
32,23,0.6972228118519863
32,24,0.7001425794821672
32,25,0.7026959855389472
32,26,0.70450056833794
32,27,0.7054265654293743
32,28,0.705600192043543
32,29,0.7053383786469316
32,30,0.7050584389076426
32,31,0.7051693224267663
32,32,0.7060044674051965
32,33,0.7077729883658892
32,34,0.7105410500048427
32,35,0.714237239231344
32,36,0.7186460260460121
32,37,0.7235204665928492
32,38,0.7283887212886329
32,39,0.7330273821010516
32,40,0.7369116373632149
32,41,0.7397821485165368
32,42,0.7414377085716175
32,43,0.7418067879573564
32,44,0.7409493630264536
32,45,0.7390502632988301
32,46,0.7363788299866463
32,47,0.7332576691339736
32,48,0.7300260088314732
32,49,0.7270090617392899
32,50,0.724497287250728
33,0,0.8722212030012146
33,1,0.8266001041558001
33,2,0.794014114645084
33,3,0.7705681811850691
33,4,0.7530657247349051
33,5,0.7396494810294763
33,6,0.729194563410813
33,7,0.7209722298963707
33,8,0.7144820832912633
33,9,0.7093655884401284
33,10,0.7053566667884859
33,11,0.7022544942825819
33,12,0.6998965132223981
33,13,0.6981668561521568
33,14,0.6969575156508878
33,15,0.6972724588624948
33,16,0.6958014433507769
33,17,0.6989442637350194
33,18,0.6976379136632525
33,19,0.695937436168643
33,20,0.6948065896352487
33,21,0.6948679055458298
33,22,0.6962874247392437
33,23,0.6988046653436266
33,24,0.7019008604421011
33,25,0.7049495078670756
33,26,0.7074054550965638
33,27,0.7089328221727749
33,28,0.7094668367163948
33,29,0.7092121388047422
33,30,0.7085446699395297
33,31,0.7079206478099529
33,32,0.7077729883658888
33,33,0.7084418137423647
33,34,0.7101383817826865
33,35,0.7129302021010347
33,36,0.7167380560898948
33,37,0.721362595649546
33,38,0.7265004675873381
33,39,0.7317701128142454
33,40,0.7367582541660752
33,41,0.7410618430889314
33,42,0.7443359594700714
33,43,0.7463391615321351
33,44,0.7469569101190392
33,45,0.7462184321565022
33,46,0.7442807566785292
33,47,0.7414036586882045
33,48,0.7379112964933101
33,49,0.7341571398037237
33,50,0.7304847474274343
34,0,0.8749780892247173
34,1,0.8303542898778897
34,2,0.7983440609467669
34,3,0.7752042522453049
34,4,0.7578526645248624
34,5,0.744487013839712
34,6,0.7340205476595749
34,7,0.7257412937608224
34,8,0.7191648511406437
34,9,0.7139413112724318
34,10,0.7098112210617068
34,11,0.7065767461153442
34,12,0.7040850544773847
34,13,0.7022151800926539
34,14,0.7008633605610426
34,15,0.7000867461345368
34,16,0.7025200506937963
34,17,0.7032413927767331
34,18,0.7021963172106334
34,19,0.7001995187963868
34,20,0.6983515269012592
34,21,0.6975244853466659
34,22,0.6981507230241564
34,23,0.7001865672016043
34,24,0.7032174257369814
34,25,0.7066181348205351
34,26,0.7097237642260138
34,27,0.7120069245150011
34,28,0.7131939116174641
34,29,0.7132982254591229
34,30,0.712590416073548
34,31,0.7115091796865345
34,32,0.7105410500048432
34,33,0.7101383817826865
34,34,0.7106475978554037
34,35,0.712277704348057
34,36,0.71509508459157
34,37,0.7190163451820202
34,38,0.7238446081355752
34,39,0.7292684268555503
34,40,0.7349003415629644
34,41,0.7403078998384617
34,42,0.7450638938131942
34,43,0.7487878643364956
34,44,0.7511958956625645
34,45,0.7521327823920446
34,46,0.7515872540260231
34,47,0.7496903280415135
34,48,0.7466881976202626
34,49,0.7428997718877752
34,50,0.7386866304115927
35,0,0.8776065069187142
35,1,0.8339370614087651
35,2,0.8024815289189935
35,3,0.7796440848770699
35,4,0.7624445234577988
35,5,0.7491387445259112
35,6,0.7386687735123245
35,7,0.7303462242812899
35,8,0.723691841299174
35,9,0.7183722983818633
35,10,0.7141324976581227
35,11,0.710778729662813
35,12,0.7081606877356305
35,13,0.706159639145675
35,14,0.7046777702279976
35,15,0.7036382159780794
35,16,0.7056233788721779
35,17,0.7072483791083031
35,18,0.706752848204715
35,19,0.7047298422845405
35,20,0.7023025269448946
35,21,0.7005684912456356
35,22,0.7002473778569591
35,23,0.7015430184182403
35,24,0.7042217703573501
35,25,0.7077298766098159
35,26,0.7113641451768422
35,27,0.7144486929017357
35,28,0.7164913138243414
35,29,0.7172827926439057
35,30,0.7169181202114652
35,31,0.7157403586254494
35,32,0.7142372392313441
35,33,0.7129302021010345
35,34,0.7122777043480563
35,35,0.7126325124512372
35,36,0.7142006700449508
35,37,0.7170411370666785
35,38,0.7210803265139559
35,39,0.7261125178826424
35,40,0.7318253543970885
35,41,0.7378258979637605
35,42,0.7436703220658909
35,43,0.7489045805567821
35,44,0.7531177581636245
35,45,0.7559851160584863
35,46,0.7573063705897449
35,47,0.7570281119723736
35,48,0.7552559792286291
35,49,0.7522055525657765
35,50,0.7481964054785735
36,0,0.8801155572382539
36,1,0.8373564411715144
36,2,0.8064402283381586
36,3,0.783900116131842
36,4,0.7668583187168125
36,5,0.753614905692113
36,6,0.743151149143797
36,7,0.7347876373843065
36,8,0.7280717639512071
36,9,0.7226660976352834
36,10,0.718326215938302
36,11,0.7148627509690182
36,12,0.7121284174868812
36,13,0.7100064226865248
36,14,0.7084007925267585
36,15,0.7072400614021994
36,16,0.7081842238108857
36,17,0.7108197125734729
36,18,0.7111652724649231
36,19,0.7094264479306333
36,20,0.7066490189033525
36,21,0.704090296820701
36,22,0.702728257295906
36,23,0.7030643108873793
36,24,0.7050961387432828
36,25,0.7084109461677197
36,26,0.7123428648217465
36,27,0.7161358425233295
36,28,0.7191139312554302
36,29,0.7208309455554625
36,30,0.7211921135215484
36,31,0.7203253817184676
36,32,0.7186460260460124
36,33,0.7167380560898952
36,34,0.7150950845915696
36,35,0.7142006700449508
36,36,0.7144067140027952
36,37,0.7159167989053894
36,38,0.7187837963126813
36,39,0.7229393202309928
36,40,0.7281723433045506
36,41,0.7341733040547538
36,42,0.7405467552222889
36,43,0.7468373738548977
36,44,0.7525753163537421
36,45,0.7573102361852941
36,46,0.7606847691186858
36,47,0.7624526324956391
36,48,0.7625193385598654
36,49,0.7609444803384242
36,50,0.7579286236380552
37,0,0.882513490416965
37,1,0.8406276593643173
37,2,0.8102319168993488
37,3,0.7879833283326727
37,4,0.7710946662353447
37,5,0.757923711167229
37,6,0.7474709269493134
37,7,0.7390815085218554
37,8,0.7323079776447781
37,9,0.7268265579391864
37,10,0.7223955351847231
37,11,0.7188324378394856
37,12,0.7159908544322837
37,13,0.7137579259806659
37,14,0.712036744907538
37,15,0.7107580296875786
37,16,0.7101793193570044
37,17,0.7138593050348867
37,18,0.715278804142627
37,19,0.7141611549389375
37,20,0.7113304799298471
37,21,0.7081038126457487
37,22,0.7057064890145508
37,23,0.704932024477634
37,24,0.706047068684759
37,25,0.7088427684184386
37,26,0.7127629902002017
37,27,0.7170498717564272
37,28,0.7209165881471504
37,29,0.7237139064629563
37,30,0.7250643728777078
37,31,0.7249121013717682
37,32,0.7235204665928493
37,33,0.7213625956495466
37,34,0.7190163451820202
37,35,0.7170411370666787
37,36,0.7159167989053896
37,37,0.715980672993765
37,38,0.7174347734114961
37,39,0.7203336338825492
37,40,0.7245989210678125
37,41,0.7300285922824803
37,42,0.736316116208166
37,43,0.7430625163444062
37,44,0.7498055724571214
37,45,0.7560586283729812
37,46,0.761349718248139
37,47,0.7652746171197706
37,48,0.7675466453321824
37,49,0.7680243796954079
37,50,0.7667274087567448
38,0,0.8848078226995496
38,1,0.8437588454447642
38,2,0.8138670038354076
38,3,0.7919050250865182
38,4,0.7751733879006377
38,5,0.7620763196386053
38,6,0.7516408510398713
38,7,0.7432316062459771
38,8,0.7364101427123239
38,9,0.7308694977175252
38,10,0.7263488931292721
38,11,0.7226944924145942
38,12,0.719765618720184
38,13,0.7174184716149178
38,14,0.7155873991274482
38,15,0.714199449074566
38,16,0.7116310194050616
38,17,0.7162807024437667
38,18,0.7189382874801844
38,19,0.7187702626575896
38,20,0.7162379554700535
38,21,0.7125999671982769
38,22,0.7092606145958633
38,23,0.7073007282763928
38,24,0.7072817765187207
38,25,0.7092458617715568
38,26,0.7128043556715752
38,27,0.717276853068896
38,28,0.7218383231812517
38,29,0.7256906585621681
38,30,0.7282226089980488
38,31,0.7291115451520206
38,32,0.7283887212886327
38,33,0.7265004675873382
38,34,0.7238446081355745
38,35,0.7210803265139563
38,36,0.7187837963126813
38,37,0.7174347734114959
38,38,0.7173644148443491
38,39,0.7187667750630321
38,40,0.7216938705464818
38,41,0.7260672079232001
38,42,0.7316905084418925
38,43,0.7382576646427024
38,44,0.7453740864726289
38,45,0.7525721216717165
38,46,0.7593537193929689
38,47,0.765220800209673
38,48,0.7697348495279022
38,49,0.772562967415455
38,50,0.7735186431881564
39,0,0.8870053651645928
39,1,0.8467593825000708
39,2,0.8173551344023833
39,3,0.7956745650897314
39,4,0.7790998292404568
39,5,0.7660818410857555
39,6,0.7556693813720328
39,7,0.747245964195838
39,8,0.7403840196561033
39,9,0.7347749442496021
39,10,0.7301881091125386
39,11,0.7264481854758758
39,12,0.723432012097361
39,13,0.7209878116762123
39,14,0.7190553948967213
39,15,0.7082120211269491
39,16,0.7126015476924725
39,17,0.7180455429378954
39,18,0.7220105734095698
39,19,0.7230771933542024
39,20,0.7212209259880862
39,21,0.7175011116955576
39,22,0.713409138847586
39,23,0.710282472619898
39,24,0.7089883034563043
39,25,0.7098477263408524
39,26,0.7126979477976855
39,27,0.7169881908569087
39,28,0.7219441054298972
39,29,0.7266906825060491
39,30,0.7304391853248319
39,31,0.7326657423598161
39,32,0.7330273821010516
39,33,0.7317701128142462
39,34,0.7292684268555502
39,35,0.7261125178826423
39,36,0.7229393202309925
39,37,0.7203336338825501
39,38,0.7187667750630313
39,39,0.7185707314349623
39,40,0.7199222434791257
39,41,0.7228760812392822
39,42,0.727353650422089
39,43,0.7331614601972979
39,44,0.7400014992296163
39,45,0.7474815227860128
39,46,0.7551351974779569
39,47,0.7624511031646546
39,48,0.7689128573239458
39,49,0.7740484559309087
39,50,0.7774815766617564
40,0,0.8891123355791807
40,1,0.8496372557438893
40,2,0.8207052864310294
40,3,0.7993003891235946
40,4,0.782883157618431
40,5,0.7699447588483649
40,6,0.7595765612440298
40,7,0.7511312938826399
40,8,0.7442354521493107
40,9,0.7385731945322113
40,10,0.7339237328169597
40,11,0.7301019597038307
40,12,0.7269853648004614
40,13,0.7244705668170346
40,14,0.7224413960654478
40,15,0.7093209799247175
40,16,0.713190749452917
40,17,0.7191663024906267
40,18,0.7243926183608298
40,19,0.7269085730900435
40,20,0.7260984071278669
40,21,0.7226828318653649
40,22,0.7181165074753357
40,23,0.7139392570325813
40,24,0.7113176008350807
40,25,0.7108662653268871
40,26,0.7126831426212782
40,27,0.7164160716036072
40,28,0.7213929236100624
40,29,0.7267507242545077
40,30,0.7315907710323702
40,31,0.7351429077264647
40,32,0.7369116373632162
40,33,0.7367582541660751
40,34,0.734900341562964
40,35,0.7318253543970882
40,36,0.7281723433045508
40,37,0.7245989210678131
40,38,0.7216938705464823
40,39,0.7199222434791255
40,40,0.7196011422434203
40,41,0.7209084572827416
40,42,0.7238889985948636
40,43,0.7284656361019722
40,44,0.7344507617997158
40,45,0.7415540240622778
40,46,0.7493894140047858
40,47,0.7574924977771744
40,48,0.7653459942070089
40,49,0.7724153525414785
40,50,0.7781985051411549
41,0,0.8911344282821091
41,1,0.8523999374066158
41,2,0.8239285781864223
41,3,0.8027912300815652
41,4,0.7865304799784414
41,5,0.7736756356456083
41,6,0.7633260633214352
41,7,0.7548930645401344
41,8,0.7479694061967894
41,9,0.7422598899867867
41,10,0.7375470405883162
41,11,0.7336584026600655
41,12,0.7304644941550089
41,13,0.7278690795091116
41,14,0.7257502555848365
41,15,0.7105703846267014
41,16,0.7135157109092024
41,17,0.7196795928498011
41,18,0.7260267578628774
41,19,0.7300986138004903
41,20,0.7306723581538865
41,21,0.7279765870909594
41,22,0.7232957158493737
41,23,0.7182787501678001
41,24,0.7143641715704201
41,25,0.7124838449488975
41,26,0.7130143634673629
41,27,0.715821707824317
41,28,0.7204060747690479
41,29,0.7260090548052909
41,30,0.7316778729967328
41,31,0.7365133190465529
41,32,0.7397821485165375
41,33,0.7410618430889317
41,34,0.7403078998384621
41,35,0.7378258979637599
41,36,0.734173304054754
41,37,0.7300285922824814
41,38,0.7260672079232005
41,39,0.7228760812392828
41,40,0.7209084572827411
41,41,0.7204738381173486
41,42,0.7217379877015562
41,43,0.7247417638048623
41,44,0.729414505091725
41,45,0.735565534918308
41,46,0.7429215717239064
41,47,0.7511004228230829
41,48,0.7596450602480249
41,49,0.7680338267859659
41,50,0.7757187719955155
42,0,0.8930768579774986
42,1,0.8550548202157109
42,2,0.8270246001882544
42,3,0.8061544224675585
42,4,0.7900497562692379
42,5,0.7772805363940947
42,6,0.7669678614885742
42,7,0.7585374170959868
42,8,0.7515909935328069
42,9,0.7458420552176825
42,10,0.7410728657879977
42,11,0.7371203161542406
42,12,0.733854055754382
42,13,0.7311871543632658
42,14,0.7289830395472826
42,15,0.7120963974449157
42,16,0.7137512156134979
42,17,0.7196990984203395
42,18,0.7269050402303351
42,19,0.7325417005538022
42,20,0.7347462437419641
42,21,0.7331847867609886
42,22,0.7288049209795644
42,23,0.7232534135360597
42,24,0.718184323007365
42,25,0.714836308959961
42,26,0.7138837805313749
42,27,0.7154667630148202
42,28,0.7192822718923517
42,29,0.7246917483539443
42,30,0.7308199734612746
42,31,0.7367047127969218
42,32,0.7414377085716174
42,33,0.7443359594700705
42,34,0.7450638938131939
42,35,0.7436703220658911
42,36,0.7405467552222889
42,37,0.7363161162081655
42,38,0.731690508441893
42,39,0.7273536504220885
42,40,0.7238889985948639
42,41,0.7217379877015568
42,42,0.7211936379451409
42,43,0.7224166082024788
42,44,0.725443092450522
42,45,0.7302002082135158
42,46,0.7365128037114932
42,47,0.7441086572532052
42,48,0.7526194155563214
42,49,0.7615945886609224
42,50,0.77051298449338
43,0,0.8949444074130177
43,1,0.8576094336803584
43,2,0.8300086407897709
43,3,0.8093966594272559
43,4,0.7934476622801805
43,5,0.7807650606057399
43,6,0.7704940421926207
43,7,0.7620694826957223
43,8,0.7551063527080795
43,9,0.749321337178521
43,10,0.7445034085701616
43,11,0.7404939303605167
43,12,0.7371593435481966
43,13,0.7344261682283659
43,14,0.7321425961140926
43,15,0.7140309645395242
43,16,0.714019346206398
43,17,0.7193469481056607
43,18,0.7270727925463417
43,19,0.734128719449307
43,20,0.7381384666554159
43,21,0.7380906748080889
43,22,0.7344650694982682
43,23,0.7287602991411045
43,24,0.722770524280795
43,25,0.7180106622401639
43,26,0.7154822220473008
43,27,0.7155921761091912
43,28,0.7182767148746951
43,29,0.7230763387719685
43,30,0.7292336025865864
43,31,0.7358083980908705
43,32,0.7418067879573568
43,33,0.7463391615321351
43,34,0.7487878643364962
43,35,0.7489045805567822
43,36,0.7468373738548977
43,37,0.7430625163444069
43,38,0.7382576646427028
43,39,0.7331614601972987
43,40,0.7284656361019726
43,41,0.7247417638048628
43,42,0.7224166082024782
43,43,0.721771526851001
43,44,0.722955389395505
43,45,0.7260015246895579
43,46,0.7308397675027989
43,47,0.7373001786772401
43,48,0.7451226392843013
43,49,0.7539518044410198
43,50,0.7633434136047033
44,0,0.8967414852076515
44,1,0.8600657015147177
44,2,0.8328827907177883
44,3,0.8125252043443345
44,4,0.7967302041113151
44,5,0.7841363523540936
44,6,0.7739072622356615
44,7,0.7654946620568188
44,8,0.7585183274676467
44,9,0.7527030841812905
44,10,0.7478406253882346
44,11,0.7437764482726296
44,12,0.7403826364820104
44,13,0.7375888115155397
44,14,0.7352310006966287
44,15,0.7165025965847585
44,16,0.714483721551069
44,17,0.7187735507589808
44,18,0.7266197282571419
44,19,0.734865439491683
44,20,0.7407062380877864
44,21,0.7425200675029116
44,22,0.7400593037725893
44,23,0.7346476270749489
44,24,0.7280600349101467
44,25,0.7220534441653965
44,26,0.717927870896455
44,27,0.716402006547627
44,28,0.7176607601715204
44,29,0.7214586740245849
44,30,0.7271981255841524
44,31,0.7340268119130796
44,32,0.7409493630264536
44,33,0.7469569101190394
44,34,0.7511958956625646
44,35,0.7531177581636248
44,36,0.7525753163537414
44,37,0.749805572457122
44,38,0.745374086472629
44,39,0.7400014992296171
44,40,0.7344507617997151
44,41,0.7294145050917253
44,42,0.7254430924505215
44,43,0.7229553893955047
44,44,0.7222153761224827
44,45,0.7233620579669675
44,46,0.7264255763440863
44,47,0.7313367463897283
44,48,0.7379358523754183
44,49,0.7459715076496145
44,50,0.7551013295238028
45,0,0.8984719235796875
45,1,0.8624335416618502
45,2,0.8356548333894959
45,3,0.8155463400420233
45,4,0.7999030608339036
45,5,0.7873986591631637
45,6,0.777215945875001
45,7,0.7688176430256781
45,8,0.7618325024480436
45,9,0.7559904946308298
45,10,0.751090816263783
45,11,0.7469766859866949
45,12,0.7435266282854046
45,13,0.7406786573727836
45,14,0.7322301694192046
45,15,0.7195863218028484
45,16,0.7152880692714588
45,17,0.7181411780928335
45,18,0.7256744477947044
45,19,0.7347751200892176
45,20,0.742350180327642
45,21,0.7461395992011831
45,22,0.7453532705415022
45,23,0.7407168769370163
45,24,0.7339389983513931
45,25,0.7269328465559318
45,26,0.7212936801983261
45,27,0.7180514131901421
45,28,0.7176679436900602
45,29,0.7201257945224991
45,30,0.7250179199864109
45,31,0.731636001666272
45,32,0.7390502632988292
45,33,0.7462184321565031
45,34,0.752132782392045
45,35,0.7559851160584865
45,36,0.7573102361852938
45,37,0.7560586283729807
45,38,0.7525721216717156
45,39,0.7474815227860123
45,40,0.7415540240622772
45,41,0.7355655349183086
45,42,0.7302002082135146
45,43,0.7260015246895579
45,44,0.7233620579669675
45,45,0.7225337672980392
45,46,0.7236454750208734
45,47,0.7267233808060691
45,48,0.7317014683154763
45,49,0.7384133025863615
45,50,0.7466613079968367
46,0,0.9001399149098158
46,1,0.8647153596824944
46,2,0.838330829842718
46,3,0.8184638540946554
46,4,0.8029728442136641
46,5,0.7905586435088658
46,6,0.7804235649824112
46,7,0.7720430757476082
46,8,0.7650535890640638
46,9,0.7591914316982555
46,10,0.7542540683806267
46,11,0.7500959527872553
46,12,0.7465962840453813
46,13,0.7436975532487689
46,14,0.7387787571429936
46,15,0.7233948025347905
46,16,0.7165661701301551
46,17,0.7176132097550869
46,18,0.7243923897338964
46,19,0.7339434668652766
46,20,0.7430324060752336
46,21,0.7489155655765036
46,22,0.750111096668102
46,23,0.7467467625259734
46,24,0.740244219834863
46,25,0.732579205324341
46,26,0.7255994734418146
46,27,0.7206495290062098
46,28,0.7184857637180194
46,29,0.7193350694984426
46,30,0.7230039980504971
46,31,0.728954172092688
46,32,0.7363788299866472
46,33,0.7442807566785288
46,34,0.7515872540260231
46,35,0.7573063705897454
46,36,0.7606847691186852
46,37,0.761349718248139
46,38,0.7593537193929697
46,39,0.7551351974779575
46,40,0.7493894140047861
46,41,0.7429215717239064
46,42,0.7365128037114921
46,43,0.7308397675027993
46,44,0.7264255763440864
46,45,0.7236454750208742
46,46,0.7227348392891311
46,47,0.7238131798551779
46,48,0.7269026823393505
46,49,0.7319395850453283
46,50,0.7387821082530901
47,0,0.9017487145474126
47,1,0.8669170356493435
47,2,0.840913143224556
47,3,0.8212857473587108
47,4,0.8059430159237488
47,5,0.7936199310058978
47,6,0.7835353135124383
47,7,0.7751748177622069
47,8,0.7681839633709298
47,9,0.7623007299006408
47,10,0.7573358700075109
47,11,0.7531372645733487
47,12,0.7495874389381305
47,13,0.7466475190444227
47,14,0.7461109370024244
47,15,0.7279854644649013
47,16,0.7184332628528349
47,17,0.7173456315578302
47,18,0.7229435978989456
47,19,0.7324942322086103
47,20,0.7427736427596558
47,21,0.7506872720778833
47,22,0.7541092114787185
47,23,0.7524784393376168
47,24,0.7467683051181915
47,25,0.7388678982544539
47,26,0.7308137685809384
47,27,0.7242538008361825
47,28,0.7202509469585592
47,29,0.7193036972251649
47,30,0.7214372811560794
47,31,0.7263049097579977
47,32,0.7332576691339745
47,33,0.7414036586882041
47,34,0.749690328041514
47,35,0.7570281119723741
47,36,0.7624526324956387
47,37,0.7652746171197711
47,38,0.7652208002096726
47,39,0.7624511031646535
47,40,0.7574924977771744
47,41,0.7511004228230835
47,42,0.744108657253205
47,43,0.7373001786772402
47,44,0.7313367463897281
47,45,0.72672338080607
47,46,0.7238131798551792
47,47,0.7228262896346509
47,48,0.7238716642190687
47,49,0.7269694892249685
47,50,0.7320620831500586
48,0,0.9033015160926069
48,1,0.8690425062174962
48,2,0.8434092200025816
48,3,0.8240143403233332
48,4,0.8088198473405368
48,5,0.7965878763103942
48,6,0.7865547413020761
48,7,0.7782172668935348
48,8,0.7712270723075789
48,9,0.7653298722960402
48,10,0.7603379225904866
48,11,0.7561008250725095
48,12,0.7525096380807708
48,13,0.7495308976725554
48,14,0.7542056470482198
48,15,0.7334083695059758
48,16,0.7209900073639589
48,17,0.717483617207477
48,18,0.7215004029354152
48,19,0.7305948041612254
48,20,0.7416509699096114
48,21,0.7513969361077549
48,22,0.7571625809022215
48,23,0.7576603520130063
48,24,0.7532692914530461
48,25,0.7456267978530493
48,26,0.7368517965717554
48,27,0.7288686851086816
48,28,0.7230572432335352
48,29,0.7201310765553004
48,30,0.720559512978943
48,31,0.7239925216220331
48,32,0.7300260088314734
48,33,0.7379112964933096
48,34,0.7466881976202633
48,35,0.7552559792286283
48,36,0.7625193385598648
48,37,0.7675466453321829
48,38,0.7697348495279013
48,39,0.7689128573239454
48,40,0.7653459942070087
48,41,0.7596450602480254
48,42,0.7526194155563215
48,43,0.7451226392843024
48,44,0.7379358523754183
48,45,0.7317014683154762
48,46,0.7269026823393501
48,47,0.7238716642190675
48,48,0.7228166251778548
48,49,0.7238319036428806
48,50,0.726937190843805
49,0,0.9048013106456052
49,1,0.8710955301386651
49,2,0.84582241575708
49,3,0.8266574513092846
49,4,0.8116073536674937
49,5,0.7994673255526835
49,6,0.7894863569706445
49,7,0.781175445332114
49,8,0.7741880830369722
49,9,0.7682794401179911
49,10,0.7632647580693033
49,11,0.758997254246929
49,12,0.7553716790693674
49,13,0.7523490915443003
49,14,0.7630232461629388
49,15,0.7396946877786794
49,16,0.7243220877367997
49,17,0.7181554271276565
49,18,0.7202304257261917
49,19,0.7284087572892226
49,20,0.7397877042947697
49,21,0.751052875448348
49,22,0.7591332067981373
49,23,0.762051916872867
49,24,0.759481578552921
49,25,0.7526361746452692
49,26,0.7435813778130841
49,27,0.7344525303642431
49,28,0.7269435630809913
49,29,0.7221406618142034
49,30,0.7205648594110966
49,31,0.72228665171972
49,32,0.7270090617392904
49,33,0.7341571398037237
49,34,0.7428997718877752
49,35,0.7522055525657764
49,36,0.7609444803384245
49,37,0.7680243796954087
49,38,0.7725629674154537
49,39,0.7740484559309089
49,40,0.7724153525414785
49,41,0.7680338267859672
49,42,0.7615945886609217
49,43,0.7539518044410194
49,44,0.7459715076496143
49,45,0.7384133025863615
49,46,0.7319395850453283
49,47,0.7269694892249682
49,48,0.7238319036428804
49,49,0.7227108233755948
49,50,0.723698075456815
50,0,0.906250846029055
50,1,0.8730808127857854
50,2,0.8481571267543654
50,3,0.8292134491141689
50,4,0.8143093702719448
50,5,0.8022599498162283
50,6,0.7923340658694279
50,7,0.7840496997680249
50,8,0.777070358704508
50,9,0.7711524543774189
50,10,0.766117383224683
50,11,0.7618196288615324
50,12,0.7581458057517738
50,13,0.7985791880987834
50,14,0.7724958711868959
50,15,0.7468587291297732
50,16,0.72849253691099
50,17,0.7194741968776577
50,18,0.7192913752527017
50,19,0.7261309486397429
50,20,0.7373482289167747
50,21,0.7497213817843492
50,22,0.7599465847895147
50,23,0.7654445936875921
50,24,0.7651353041121134
50,25,0.7596445959550769
50,26,0.7508203629018964
50,27,0.7409127812917428
50,28,0.7319040003962346
50,29,0.7252013073433492
50,30,0.7216022553993342
50,31,0.7214000545259955
50,32,0.7244972872507272
50,33,0.7304847474274339
50,34,0.7386866304115933
50,35,0.7481964054785739
50,36,0.757928623638056
50,37,0.7667274087567445
50,38,0.7735186431881563
50,39,0.7774815766617577
50,40,0.7781985051411549
50,41,0.775718771995515
50,42,0.7705129844933801
50,43,0.7633434136047039
50,44,0.7551013295238027
50,45,0.7466613079968373
50,46,0.7387821082530893
50,47,0.7320620831500584
50,48,0.7269371908438047
50,49,0.723698075456815
50,50,0.7225175972556929
